       Value   Percentile   TotalCount 1/(1-Percentile)

        0.44     0.000000            1         1.00
        2.43     0.050000       682281         1.05
        2.90     0.100000      1341868         1.11
        3.39     0.150000      1996535         1.18
        3.89     0.200000      2670049         1.25
        4.32     0.250000      3329991         1.33
        4.83     0.300000      3975723         1.43
        5.25     0.350000      4635381         1.54
        5.63     0.400000      5344353         1.67
        6.14     0.450000      5978939         1.82
        6.78     0.500000      6643927         2.00
        7.07     0.525000      6963989         2.11
        7.42     0.550000      7296581         2.22
        7.81     0.575000      7621026         2.35
        8.16     0.600000      7953866         2.50
        8.51     0.625000      8286614         2.67
        8.96     0.650000      8632309         2.86
        9.41     0.675000      8966370         3.08
        9.79     0.700000      9269148         3.33
       10.37     0.725000      9621544         3.64
       10.88     0.750000      9934663         4.00
       11.20     0.762500     10132120         4.21
       11.46     0.775000     10283302         4.44
       11.71     0.787500     10428228         4.71
       12.03     0.800000     10600506         5.00
       12.35     0.812500     10764589         5.33
       12.73     0.825000     10951226         5.71
       13.05     0.837500     11101543         6.15
       13.44     0.850000     11276665         6.67
       13.82     0.862500     11445016         7.27
       14.21     0.875000     11601340         8.00
       14.40     0.881250     11676264         8.42
       14.65     0.887500     11773738         8.89
       14.85     0.893750     11842347         9.41
       15.10     0.900000     11924598        10.00
       15.42     0.906250     12017035        10.67
       15.68     0.912500     12085817        11.43
       16.00     0.918750     12165518        12.31
       16.38     0.925000     12250346        13.33
       16.89     0.931250     12346980        14.55
       17.28     0.937500     12414994        16.00
       17.54     0.940625     12458327        16.84
       17.79     0.943750     12497855        17.78
       18.18     0.946875     12549001        18.82
       18.43     0.950000     12579741        20.00
       18.82     0.953125     12622895        21.33
       19.20     0.956250     12662862        22.86
       19.71     0.959375     12712983        24.62
       20.09     0.962500     12752566        26.67
       20.48     0.965625     12794341        29.09
       20.86     0.968750     12831216        32.00
       21.12     0.970313     12851630        33.68
       21.38     0.971875     12870610        35.56
       21.76     0.973437     12895686        37.65
       22.02     0.975000     12910922        40.00
       22.40     0.976562     12932222        42.67
       22.78     0.978125     12952318        45.71
       23.30     0.979688     12975807        49.23
       23.81     0.981250     12994777        53.33
       24.32     0.982812     13015037        58.18
       24.83     0.984375     13033976        64.00
       25.21     0.985156     13047553        67.37
       25.47     0.985938     13057195        71.11
       25.73     0.986719     13067074        75.29
       25.98     0.987500     13076175        80.00
       26.37     0.988281     13086601        85.33
       26.88     0.989062     13097627        91.43
       27.39     0.989844     13107996        98.46
       27.90     0.990625     13117873       106.67
       28.41     0.991406     13127407       116.36
       29.05     0.992188     13137733       128.00
       29.44     0.992578     13143314       134.74
       29.82     0.992969     13148284       142.22
       30.34     0.993359     13153700       150.59
       30.85     0.993750     13159231       160.00
       31.23     0.994141     13163353       170.67
       31.74     0.994531     13168961       182.86
       32.13     0.994922     13173849       196.92
       32.51     0.995313     13179570       213.33
       33.02     0.995703     13187532       232.73
       33.28     0.996094     13191019       256.00
       33.53     0.996289     13194403       269.47
       33.53     0.996484     13194403       284.44
       33.79     0.996680     13197490       301.18
       34.05     0.996875     13200354       320.00
       34.30     0.997070     13203040       341.33
       34.56     0.997266     13205649       365.71
       34.81     0.997461     13208208       393.85
       35.07     0.997656     13210641       426.67
       35.33     0.997852     13213108       465.45
       35.58     0.998047     13215456       512.00
       35.84     0.998145     13217643       538.95
       35.84     0.998242     13217643       568.89
       36.09     0.998340     13219668       602.35
       36.35     0.998437     13221375       640.00
       36.35     0.998535     13221375       682.67
       36.61     0.998633     13222905       731.43
       36.86     0.998730     13224216       787.69
       37.12     0.998828     13225381       853.33
       37.38     0.998926     13226496       930.91
       37.89     0.999023     13228530      1024.00
       37.89     0.999072     13228530      1077.89
       38.14     0.999121     13229281      1137.78
       38.40     0.999170     13229896      1204.71
       38.66     0.999219     13230508      1280.00
       38.91     0.999268     13231142      1365.33
       39.17     0.999316     13231665      1462.86
       39.68     0.999365     13232651      1575.38
       39.94     0.999414     13233154      1706.67
       40.45     0.999463     13233871      1861.82
       40.70     0.999512     13234218      2048.00
       40.96     0.999536     13234557      2155.79
       41.22     0.999561     13234901      2275.56
       41.47     0.999585     13235217      2409.41
       41.98     0.999609     13235754      2560.00
       42.24     0.999634     13236001      2730.67
       42.49     0.999658     13236238      2925.71
       42.75     0.999683     13236487      3150.77
       43.26     0.999707     13236909      3413.33
       43.77     0.999731     13237264      3723.64
       44.03     0.999756     13237463      4096.00
       44.29     0.999768     13237695      4311.58
       44.54     0.999780     13237917      4551.11
       44.80     0.999792     13238079      4818.82
       45.05     0.999805     13238211      5120.00
       45.31     0.999817     13238338      5461.33
       45.57     0.999829     13238462      5851.43
       45.82     0.999841     13238632      6301.54
       46.08     0.999854     13238782      6826.67
       46.59     0.999866     13239005      7447.27
       46.85     0.999878     13239094      8192.00
       47.10     0.999884     13239173      8623.16
       47.36     0.999890     13239260      9102.22
       47.62     0.999896     13239361      9637.65
       47.87     0.999902     13239449     10240.00
       48.13     0.999908     13239551     10922.67
       48.13     0.999915     13239551     11702.86
       48.38     0.999921     13239662     12603.08
       48.64     0.999927     13239774     13653.33
       48.90     0.999933     13239889     14894.55
       48.90     0.999939     13239889     16384.00
       49.15     0.999942     13239987     17246.32
       49.15     0.999945     13239987     18204.44
       49.41     0.999948     13240087     19275.29
       49.41     0.999951     13240087     20480.00
       49.41     0.999954     13240087     21845.33
       49.66     0.999957     13240160     23405.71
       49.66     0.999960     13240160     25206.15
       49.92     0.999963     13240218     27306.67
       50.17     0.999966     13240255     29789.09
       50.43     0.999969     13240292     32768.00
       50.43     0.999971     13240292     34492.63
       50.69     0.999973     13240330     36408.89
       50.94     0.999974     13240366     38550.59
       50.94     0.999976     13240366     40960.00
       51.20     0.999977     13240401     43690.67
       51.20     0.999979     13240401     46811.43
       51.45     0.999980     13240435     50412.31
       51.45     0.999982     13240435     54613.33
       51.71     0.999983     13240467     59578.18
       51.97     0.999985     13240494     65536.00
       51.97     0.999986     13240494     68985.26
       51.97     0.999986     13240494     72817.78
       52.22     0.999987     13240518     77101.18
       52.22     0.999988     13240518     81920.00
       52.48     0.999989     13240538     87381.33
       52.48     0.999989     13240538     93622.86
       52.73     0.999990     13240554    100824.62
       52.73     0.999991     13240554    109226.67
       52.99     0.999992     13240568    119156.36
       53.25     0.999992     13240577    131072.00
       53.50     0.999993     13240583    137970.53
       53.76     0.999993     13240592    145635.56
       53.76     0.999994     13240592    154202.35
       54.27     0.999994     13240600    163840.00
       54.27     0.999994     13240600    174762.67
       54.53     0.999995     13240606    187245.71
       55.04     0.999995     13240611    201649.23
       55.55     0.999995     13240615    218453.33
       56.58     0.999996     13240621    238312.73
       57.09     0.999996     13240629    262144.00
       57.09     0.999996     13240629    275941.05
       57.34     0.999997     13240634    291271.11
       57.34     0.999997     13240634    308404.71
       57.60     0.999997     13240640    327680.00
       57.60     0.999997     13240640    349525.33
       57.60     0.999997     13240640    374491.43
       58.11     0.999998     13240650    403298.46
       58.11     0.999998     13240650    436906.67
       58.11     0.999998     13240650    476625.45
       58.11     0.999998     13240650    524288.00
       58.37     0.999998     13240653    551882.11
       58.37     0.999998     13240653    582542.22
       58.62     0.999998     13240655    616809.41
       58.62     0.999998     13240655    655360.00
       58.88     0.999999     13240658    699050.67
       58.88     0.999999     13240658    748982.86
       59.13     0.999999     13240663    806596.92
       59.13     0.999999     13240663    873813.33
       59.13     0.999999     13240663    953250.91
       59.13     0.999999     13240663   1048576.00
       59.39     0.999999     13240666   1103764.21
       59.39     0.999999     13240666   1165084.44
       59.39     0.999999     13240666   1233618.82
       59.39     0.999999     13240666   1310720.00
       59.39     0.999999     13240666   1398101.33
       59.90     0.999999     13240668   1497965.71
       59.90     0.999999     13240668   1613193.85
       59.90     0.999999     13240668   1747626.67
       60.16     0.999999     13240669   1906501.82
       60.16     1.000000     13240669   2097152.00
       60.41     1.000000     13240671   2207528.42
       60.41     1.000000     13240671   2330168.89
       60.41     1.000000     13240671   2467237.65
       60.41     1.000000     13240671   2621440.00
       60.41     1.000000     13240671   2796202.67
       60.41     1.000000     13240671   2995931.43
       60.41     1.000000     13240671   3226387.69
       63.74     1.000000     13240672   3495253.33
       63.74     1.000000     13240672   3813003.64
       63.74     1.000000     13240672   4194304.00
       64.51     1.000000     13240674   4415056.84
       64.51     1.000000     13240674   4660337.78
       64.51     1.000000     13240674   4934475.29
       64.51     1.000000     13240674   5242880.00
       64.51     1.000000     13240674   5592405.33
       64.51     1.000000     13240674   5991862.86
       64.51     1.000000     13240674   6452775.39
       64.51     1.000000     13240674   6990506.67
       64.51     1.000000     13240674   7626007.28
       64.51     1.000000     13240674   8388608.00
       64.51     1.000000     13240674   8830113.68
       64.51     1.000000     13240674   9320675.55
       64.51     1.000000     13240674   9868950.59
       64.51     1.000000     13240674  10485760.00
       64.51     1.000000     13240674  11184810.67
       64.51     1.000000     13240674  11983725.71
       64.51     1.000000     13240674  12905550.76
       67.07     1.000000     13240675  13981013.34
       67.07     1.000000     13240675          inf
#[Mean    =        8.230, StdDeviation   =        5.422]
#[Max     =       67.071, Total count    =     13240675]
#[Buckets =           10, SubBuckets     =          256]
