       Value   Percentile   TotalCount 1/(1-Percentile)

        0.44     0.000000            1         1.00
        2.43     0.050000       746958         1.05
        2.90     0.100000      1471892         1.11
        3.39     0.150000      2192847         1.18
        3.89     0.200000      2933605         1.25
        4.32     0.250000      3658907         1.33
        4.86     0.300000      4418096         1.43
        5.28     0.350000      5155523         1.54
        5.63     0.400000      5874213         1.67
        6.14     0.450000      6572672         1.82
        6.78     0.500000      7304651         2.00
        7.07     0.525000      7656618         2.11
        7.42     0.550000      8022808         2.22
        7.81     0.575000      8379961         2.35
        8.16     0.600000      8745841         2.50
        8.51     0.625000      9112052         2.67
        8.96     0.650000      9492713         2.86
        9.41     0.675000      9860112         3.08
        9.86     0.700000     10243576         3.33
       10.37     0.725000     10580996         3.64
       10.88     0.750000     10925427         4.00
       11.20     0.762500     11142656         4.21
       11.46     0.775000     11309032         4.44
       11.78     0.787500     11507048         4.71
       12.03     0.800000     11658137         5.00
       12.35     0.812500     11838777         5.33
       12.73     0.825000     12043956         5.71
       13.05     0.837500     12209468         6.15
       13.44     0.850000     12402285         6.67
       13.82     0.862500     12587454         7.27
       14.21     0.875000     12759749         8.00
       14.40     0.881250     12842159         8.42
       14.65     0.887500     12949360         8.89
       14.85     0.893750     13024775         9.41
       15.10     0.900000     13115376        10.00
       15.42     0.906250     13217100        10.67
       15.68     0.912500     13292791        11.43
       16.06     0.918750     13397476        12.31
       16.38     0.925000     13474170        13.33
       16.89     0.931250     13580679        14.55
       17.28     0.937500     13655599        16.00
       17.54     0.940625     13703343        16.84
       17.79     0.943750     13746876        17.78
       18.18     0.946875     13803197        18.82
       18.43     0.950000     13837023        20.00
       18.82     0.953125     13884577        21.33
       19.20     0.956250     13928624        22.86
       19.71     0.959375     13983936        24.62
       20.09     0.962500     14027441        26.67
       20.48     0.965625     14073283        29.09
       20.86     0.968750     14113812        32.00
       21.12     0.970313     14136325        33.68
       21.38     0.971875     14157221        35.56
       21.76     0.973437     14184857        37.65
       22.02     0.975000     14201576        40.00
       22.40     0.976562     14225000        42.67
       22.78     0.978125     14247063        45.71
       23.30     0.979688     14272969        49.23
       23.81     0.981250     14293804        53.33
       24.32     0.982812     14316114        58.18
       24.96     0.984375     14341926        64.00
       25.21     0.985156     14352036        67.37
       25.47     0.985938     14362642        71.11
       25.73     0.986719     14373535        75.29
       25.98     0.987500     14383599        80.00
       26.37     0.988281     14395041        85.33
       26.88     0.989062     14407182        91.43
       27.39     0.989844     14418578        98.46
       27.90     0.990625     14429402       106.67
       28.41     0.991406     14439902       116.36
       29.05     0.992188     14451274       128.00
       29.44     0.992578     14457424       134.74
       29.82     0.992969     14462898       142.22
       30.34     0.993359     14468861       150.59
       30.85     0.993750     14474955       160.00
       31.23     0.994141     14479511       170.67
       31.74     0.994531     14485684       182.86
       32.13     0.994922     14491000       196.92
       32.51     0.995313     14497278       213.33
       33.02     0.995703     14506055       232.73
       33.28     0.996094     14509944       256.00
       33.53     0.996289     14513685       269.47
       33.53     0.996484     14513685       284.44
       33.79     0.996680     14517138       301.18
       34.05     0.996875     14520322       320.00
       34.30     0.997070     14523259       341.33
       34.56     0.997266     14526124       365.71
       34.81     0.997461     14528939       393.85
       35.07     0.997656     14531618       426.67
       35.33     0.997852     14534350       465.45
       35.58     0.998047     14536927       512.00
       35.84     0.998145     14539330       538.95
       35.84     0.998242     14539330       568.89
       36.09     0.998340     14541560       602.35
       36.35     0.998437     14543461       640.00
       36.61     0.998535     14545162       682.67
       36.61     0.998633     14545162       731.43
       36.86     0.998730     14546582       787.69
       37.12     0.998828     14547881       853.33
       37.63     0.998926     14550132       930.91
       37.89     0.999023     14551388      1024.00
       37.89     0.999072     14551388      1077.89
       38.14     0.999121     14552221      1137.78
       38.40     0.999170     14552895      1204.71
       38.66     0.999219     14553565      1280.00
       38.91     0.999268     14554275      1365.33
       39.42     0.999316     14555437      1462.86
       39.68     0.999365     14555934      1575.38
       39.94     0.999414     14556474      1706.67
       40.45     0.999463     14557264      1861.82
       40.96     0.999512     14558029      2048.00
       41.22     0.999536     14558407      2155.79
       41.47     0.999561     14558752      2275.56
       41.73     0.999585     14559025      2409.41
       41.98     0.999609     14559337      2560.00
       42.24     0.999634     14559615      2730.67
       42.49     0.999658     14559880      2925.71
       43.01     0.999683     14560383      3150.77
       43.26     0.999707     14560629      3413.33
       43.77     0.999731     14561022      3723.64
       44.29     0.999756     14561506      4096.00
       44.29     0.999768     14561506      4311.58
       44.54     0.999780     14561758      4551.11
       44.80     0.999792     14561937      4818.82
       45.05     0.999805     14562077      5120.00
       45.31     0.999817     14562221      5461.33
       45.57     0.999829     14562361      5851.43
       45.82     0.999841     14562548      6301.54
       46.08     0.999854     14562709      6826.67
       46.59     0.999866     14562956      7447.27
       47.10     0.999878     14563141      8192.00
       47.36     0.999884     14563246      8623.16
       47.36     0.999890     14563246      9102.22
       47.62     0.999896     14563359      9637.65
       47.87     0.999902     14563464     10240.00
       48.13     0.999908     14563579     10922.67
       48.38     0.999915     14563701     11702.86
       48.38     0.999921     14563701     12603.08
       48.64     0.999927     14563825     13653.33
       48.90     0.999933     14563956     14894.55
       48.90     0.999939     14563956     16384.00
       49.15     0.999942     14564062     17246.32
       49.15     0.999945     14564062     18204.44
       49.41     0.999948     14564169     19275.29
       49.41     0.999951     14564169     20480.00
       49.66     0.999954     14564255     21845.33
       49.66     0.999957     14564255     23405.71
       49.92     0.999960     14564318     25206.15
       49.92     0.999963     14564318     27306.67
       50.17     0.999966     14564362     29789.09
       50.43     0.999969     14564403     32768.00
       50.69     0.999971     14564447     34492.63
       50.69     0.999973     14564447     36408.89
       50.94     0.999974     14564493     38550.59
       50.94     0.999976     14564493     40960.00
       51.20     0.999977     14564528     43690.67
       51.20     0.999979     14564528     46811.43
       51.45     0.999980     14564569     50412.31
       51.71     0.999982     14564606     54613.33
       51.71     0.999983     14564606     59578.18
       51.97     0.999985     14564636     65536.00
       51.97     0.999986     14564636     68985.26
       52.22     0.999986     14564664     72817.78
       52.22     0.999987     14564664     77101.18
       52.22     0.999988     14564664     81920.00
       52.48     0.999989     14564687     87381.33
       52.48     0.999989     14564687     93622.86
       52.73     0.999990     14564703    100824.62
       52.99     0.999991     14564718    109226.67
       52.99     0.999992     14564718    119156.36
       53.25     0.999992     14564730    131072.00
       53.50     0.999993     14564736    137970.53
       53.76     0.999993     14564746    145635.56
       53.76     0.999994     14564746    154202.35
       54.27     0.999994     14564756    163840.00
       54.27     0.999994     14564756    174762.67
       54.53     0.999995     14564763    187245.71
       54.78     0.999995     14564766    201649.23
       55.55     0.999995     14564772    218453.33
       56.58     0.999996     14564778    238312.73
       57.09     0.999996     14564787    262144.00
       57.09     0.999996     14564787    275941.05
       57.09     0.999997     14564787    291271.11
       57.34     0.999997     14564792    308404.71
       57.60     0.999997     14564798    327680.00
       57.60     0.999997     14564798    349525.33
       58.11     0.999997     14564808    374491.43
       58.11     0.999998     14564808    403298.46
       58.11     0.999998     14564808    436906.67
       58.11     0.999998     14564808    476625.45
       58.37     0.999998     14564811    524288.00
       58.37     0.999998     14564811    551882.11
       58.62     0.999998     14564814    582542.22
       58.62     0.999998     14564814    616809.41
       58.88     0.999998     14564817    655360.00
       58.88     0.999999     14564817    699050.67
       59.13     0.999999     14564822    748982.86
       59.13     0.999999     14564822    806596.92
       59.13     0.999999     14564822    873813.33
       59.13     0.999999     14564822    953250.91
       59.39     0.999999     14564827   1048576.00
       59.39     0.999999     14564827   1103764.21
       59.39     0.999999     14564827   1165084.44
       59.39     0.999999     14564827   1233618.82
       59.39     0.999999     14564827   1310720.00
       59.39     0.999999     14564827   1398101.33
       59.90     0.999999     14564829   1497965.71
       59.90     0.999999     14564829   1613193.85
       59.90     0.999999     14564829   1747626.67
       60.16     0.999999     14564830   1906501.82
       60.41     1.000000     14564832   2097152.00
       60.41     1.000000     14564832   2207528.42
       60.41     1.000000     14564832   2330168.89
       60.41     1.000000     14564832   2467237.65
       60.41     1.000000     14564832   2621440.00
       60.41     1.000000     14564832   2796202.67
       63.74     1.000000     14564834   2995931.43
       63.74     1.000000     14564834   3226387.69
       63.74     1.000000     14564834   3495253.33
       63.74     1.000000     14564834   3813003.64
       63.74     1.000000     14564834   4194304.00
       63.74     1.000000     14564834   4415056.84
       63.74     1.000000     14564834   4660337.78
       64.51     1.000000     14564836   4934475.29
       64.51     1.000000     14564836   5242880.00
       64.51     1.000000     14564836   5592405.33
       64.51     1.000000     14564836   5991862.86
       64.51     1.000000     14564836   6452775.39
       64.51     1.000000     14564836   6990506.67
       64.51     1.000000     14564836   7626007.28
       64.51     1.000000     14564836   8388608.00
       64.51     1.000000     14564836   8830113.68
       64.51     1.000000     14564836   9320675.55
       64.51     1.000000     14564836   9868950.59
       64.51     1.000000     14564836  10485760.00
       64.51     1.000000     14564836  11184810.67
       64.51     1.000000     14564836  11983725.71
       64.51     1.000000     14564836  12905550.76
       64.51     1.000000     14564836  13981013.34
       67.07     1.000000     14564837  15252014.55
       67.07     1.000000     14564837          inf
#[Mean    =        8.233, StdDeviation   =        5.424]
#[Max     =       67.071, Total count    =     14564837]
#[Buckets =           10, SubBuckets     =          256]
