       Value   Percentile   TotalCount 1/(1-Percentile)

        0.54     0.000000            1         1.00
        2.45     0.050000        66876         1.05
        2.93     0.100000       134603         1.11
        3.42     0.150000       200349         1.18
        3.90     0.200000       266099         1.25
        4.35     0.250000       333115         1.33
        4.86     0.300000       397646         1.43
        5.28     0.350000       464454         1.54
        5.63     0.400000       529860         1.67
        6.17     0.450000       597015         1.82
        6.82     0.500000       664243         2.00
        7.10     0.525000       695979         2.11
        7.46     0.550000       728986         2.22
        7.84     0.575000       761769         2.35
        8.19     0.600000       795141         2.50
        8.57     0.625000       830867         2.67
        9.02     0.650000       865027         2.86
        9.47     0.675000       898689         3.08
        9.86     0.700000       928734         3.33
       10.43     0.725000       963209         3.64
       10.94     0.750000       994756         4.00
       11.20     0.762500      1010536         4.21
       11.52     0.775000      1029382         4.44
       11.78     0.787500      1043807         4.71
       12.10     0.800000      1060992         5.00
       12.41     0.812500      1077352         5.33
       12.73     0.825000      1092730         5.71
       13.12     0.837500      1110939         6.15
       13.44     0.850000      1125620         6.67
       13.82     0.862500      1142438         7.27
       14.27     0.875000      1161006         8.00
       14.46     0.881250      1168431         8.42
       14.65     0.887500      1175622         8.89
       14.91     0.893750      1184620         9.41
       15.17     0.900000      1192726        10.00
       15.42     0.906250      1200065        10.67
       15.74     0.912500      1208662        11.43
       16.06     0.918750      1216723        12.31
       16.51     0.925000      1226447        13.33
       16.89     0.931250      1233699        14.55
       17.41     0.937500      1242894        16.00
       17.66     0.940625      1247053        16.84
       17.92     0.943750      1250799        17.78
       18.18     0.946875      1254196        18.82
       18.56     0.950000      1258803        20.00
       18.94     0.953125      1263046        21.33
       19.33     0.956250      1267080        22.86
       19.71     0.959375      1270953        24.62
       20.09     0.962500      1274875        26.67
       20.48     0.965625      1278942        29.09
       20.99     0.968750      1283697        32.00
       21.25     0.970313      1285693        33.68
       21.50     0.971875      1287540        35.56
       21.76     0.973437      1289171        37.65
       22.14     0.975000      1291361        40.00
       22.53     0.976562      1293420        42.67
       22.91     0.978125      1295393        45.71
       23.42     0.979688      1297671        49.23
       23.93     0.981250      1299530        53.33
       24.45     0.982812      1301603        58.18
       24.96     0.984375      1303518        64.00
       25.34     0.985156      1304961        67.37
       25.60     0.985938      1305944        71.11
       25.86     0.986719      1306938        75.29
       26.11     0.987500      1307802        80.00
       26.50     0.988281      1308717        85.33
       27.01     0.989062      1309804        91.43
       27.52     0.989844      1310808        98.46
       28.03     0.990625      1311772       106.67
       28.67     0.991406      1312927       116.36
       29.31     0.992188      1313911       128.00
       29.70     0.992578      1314481       134.74
       30.08     0.992969      1314919       142.22
       30.59     0.993359      1315455       150.59
       31.10     0.993750      1316014       160.00
       31.49     0.994141      1316426       170.67
       32.00     0.994531      1317006       182.86
       32.38     0.994922      1317497       196.92
       32.77     0.995313      1318124       213.33
       33.02     0.995703      1318523       232.73
       33.53     0.996094      1319282       256.00
       33.53     0.996289      1319282       269.47
       33.79     0.996484      1319648       284.44
       34.05     0.996680      1319968       301.18
       34.30     0.996875      1320219       320.00
       34.56     0.997070      1320475       341.33
       34.81     0.997266      1320731       365.71
       35.07     0.997461      1320977       393.85
       35.33     0.997656      1321242       426.67
       35.58     0.997852      1321471       465.45
       35.84     0.998047      1321687       512.00
       36.09     0.998145      1321892       538.95
       36.09     0.998242      1321892       568.89
       36.35     0.998340      1322086       602.35
       36.61     0.998437      1322257       640.00
       36.61     0.998535      1322257       682.67
       36.86     0.998633      1322366       731.43
       37.12     0.998730      1322500       787.69
       37.38     0.998828      1322629       853.33
       37.89     0.998926      1322858       930.91
       38.14     0.999023      1322940      1024.00
       38.14     0.999072      1322940      1077.89
       38.40     0.999121      1322999      1137.78
       38.91     0.999170      1323133      1204.71
       38.91     0.999219      1323133      1280.00
       39.42     0.999268      1323237      1365.33
       39.68     0.999316      1323283      1462.86
       40.19     0.999365      1323361      1575.38
       40.45     0.999414      1323393      1706.67
       40.96     0.999463      1323472      1861.82
       41.47     0.999512      1323535      2048.00
       41.73     0.999536      1323557      2155.79
       41.98     0.999561      1323583      2275.56
       42.24     0.999585      1323614      2409.41
       42.75     0.999609      1323675      2560.00
       43.01     0.999634      1323693      2730.67
       43.26     0.999658      1323720      2925.71
       43.77     0.999683      1323758      3150.77
       44.03     0.999707      1323786      3413.33
       44.29     0.999731      1323811      3723.64
       44.54     0.999756      1323841      4096.00
       44.80     0.999768      1323858      4311.58
       45.31     0.999780      1323883      4551.11
       45.57     0.999792      1323899      4818.82
       45.82     0.999805      1323916      5120.00
       46.08     0.999817      1323927      5461.33
       46.34     0.999829      1323936      5851.43
       46.85     0.999841      1323955      6301.54
       47.36     0.999854      1323986      6826.67
       47.36     0.999866      1323986      7447.27
       47.87     0.999878      1324015      8192.00
       47.87     0.999884      1324015      8623.16
       48.13     0.999890      1324028      9102.22
       48.13     0.999896      1324028      9637.65
       48.38     0.999902      1324039     10240.00
       48.64     0.999908      1324051     10922.67
       48.64     0.999915      1324051     11702.86
       48.90     0.999921      1324067     12603.08
       48.90     0.999927      1324067     13653.33
       49.15     0.999933      1324075     14894.55
       49.41     0.999939      1324082     16384.00
       49.66     0.999942      1324095     17246.32
       49.66     0.999945      1324095     18204.44
       49.66     0.999948      1324095     19275.29
       49.92     0.999951      1324100     20480.00
       50.17     0.999954      1324107     21845.33
       50.17     0.999957      1324107     23405.71
       50.43     0.999960      1324111     25206.15
       50.69     0.999963      1324117     27306.67
       50.94     0.999966      1324127     29789.09
       50.94     0.999969      1324127     32768.00
       50.94     0.999971      1324127     34492.63
       50.94     0.999973      1324127     36408.89
       51.45     0.999974      1324134     38550.59
       51.45     0.999976      1324134     40960.00
       51.45     0.999977      1324134     43690.67
       51.45     0.999979      1324134     46811.43
       51.71     0.999980      1324139     50412.31
       51.71     0.999982      1324139     54613.33
       51.97     0.999983      1324142     59578.18
       51.97     0.999985      1324142     65536.00
       52.22     0.999986      1324146     68985.26
       52.22     0.999986      1324146     72817.78
       52.22     0.999987      1324146     77101.18
       52.22     0.999988      1324146     81920.00
       52.48     0.999989      1324149     87381.33
       52.48     0.999989      1324149     93622.86
       52.48     0.999990      1324149    100824.62
       52.99     0.999991      1324150    109226.67
       53.25     0.999992      1324153    119156.36
       53.25     0.999992      1324153    131072.00
       53.25     0.999993      1324153    137970.53
       53.25     0.999993      1324153    145635.56
       53.76     0.999994      1324154    154202.35
       53.76     0.999994      1324154    163840.00
       54.27     0.999994      1324156    174762.67
       54.27     0.999995      1324156    187245.71
       54.27     0.999995      1324156    201649.23
       54.27     0.999995      1324156    218453.33
       54.53     0.999996      1324157    238312.73
       54.53     0.999996      1324157    262144.00
       57.09     0.999996      1324158    275941.05
       57.09     0.999997      1324158    291271.11
       57.09     0.999997      1324158    308404.71
       57.09     0.999997      1324158    327680.00
       58.62     0.999997      1324159    349525.33
       58.62     0.999997      1324159    374491.43
       58.62     0.999998      1324159    403298.46
       58.62     0.999998      1324159    436906.67
       59.39     0.999998      1324161    476625.45
       59.39     0.999998      1324161    524288.00
       59.39     0.999998      1324161    551882.11
       59.39     0.999998      1324161    582542.22
       59.39     0.999998      1324161    616809.41
       59.39     0.999998      1324161    655360.00
       59.39     0.999999      1324161    699050.67
       59.39     0.999999      1324161    748982.86
       59.39     0.999999      1324161    806596.92
       59.39     0.999999      1324161    873813.33
       59.39     0.999999      1324161    953250.91
       59.39     0.999999      1324161   1048576.00
       59.39     0.999999      1324161   1103764.21
       59.39     0.999999      1324161   1165084.44
       59.39     0.999999      1324161   1233618.82
       59.39     0.999999      1324161   1310720.00
       63.74     0.999999      1324162   1398101.33
       63.74     1.000000      1324162          inf
#[Mean    =        8.270, StdDeviation   =        5.444]
#[Max     =       63.743, Total count    =      1324162]
#[Buckets =           10, SubBuckets     =          256]
