       Value   Percentile   TotalCount 1/(1-Percentile)

        0.34     0.000000            1         1.00
        2.30     0.050000       775070         1.05
        2.77     0.100000      1547959         1.11
        3.18     0.150000      2320290         1.18
        3.68     0.200000      3099522         1.25
        4.16     0.250000      3865233         1.33
        4.67     0.300000      4683280         1.43
        5.15     0.350000      5454743         1.54
        5.54     0.400000      6165001         1.67
        6.14     0.450000      6946143         1.82
        6.69     0.500000      7735047         2.00
        6.94     0.525000      8122308         2.11
        7.20     0.550000      8476730         2.22
        7.49     0.575000      8879218         2.35
        7.74     0.600000      9289973         2.50
        7.93     0.625000      9696806         2.67
        8.03     0.650000     10034122         2.86
        8.13     0.675000     10417957         3.08
        8.32     0.700000     10857072         3.33
        8.57     0.725000     11173743         3.64
        8.89     0.750000     11615070         4.00
        9.09     0.762500     11800743         4.21
        9.28     0.775000     11975466         4.44
        9.47     0.787500     12137838         4.71
        9.73     0.800000     12338932         5.00
        9.98     0.812500     12532164         5.33
       10.24     0.825000     12723512         5.71
       10.49     0.837500     12911589         6.15
       10.81     0.850000     13131519         6.67
       11.07     0.862500     13293049         7.27
       11.46     0.875000     13510998         8.00
       11.65     0.881250     13609019         8.42
       11.84     0.887500     13701482         8.89
       12.03     0.893750     13788518         9.41
       12.22     0.900000     13873763        10.00
       12.48     0.906250     13981388        10.67
       12.73     0.912500     14085045        11.43
       12.93     0.918750     14163039        12.31
       13.25     0.925000     14259388        13.33
       13.57     0.931250     14353275        14.55
       13.89     0.937500     14448755        16.00
       14.08     0.940625     14507308        16.84
       14.21     0.943750     14547477        17.78
       14.34     0.946875     14589057        18.82
       14.53     0.950000     14651256        20.00
       14.65     0.953125     14693190        21.33
       14.78     0.956250     14734675        22.86
       14.97     0.959375     14795821        24.62
       15.10     0.962500     14834395        26.67
       15.29     0.965625     14889145        29.09
       15.49     0.968750     14940900        32.00
       15.55     0.970313     14957691        33.68
       15.62     0.971875     14974146        35.56
       15.74     0.973437     15005907        37.65
       15.87     0.975000     15037210        40.00
       15.94     0.976562     15052667        42.67
       16.06     0.978125     15082712        45.71
       16.13     0.979688     15096325        49.23
       16.25     0.981250     15118875        53.33
       16.51     0.982812     15152752        58.18
       16.64     0.984375     15167398        64.00
       16.77     0.985156     15181660        67.37
       16.89     0.985938     15194011        71.11
       17.02     0.986719     15203732        75.29
       17.28     0.987500     15221021        80.00
       17.41     0.988281     15228595        85.33
       17.66     0.989062     15242340        91.43
       17.92     0.989844     15254951        98.46
       18.18     0.990625     15266728       106.67
       18.43     0.991406     15277749       116.36
       18.69     0.992188     15288013       128.00
       18.94     0.992578     15297148       134.74
       19.07     0.992969     15301246       142.22
       19.20     0.993359     15305274       150.59
       19.45     0.993750     15313081       160.00
       19.58     0.994141     15317235       170.67
       19.84     0.994531     15325832       182.86
       19.97     0.994922     15330167       196.92
       20.22     0.995313     15339059       213.33
       20.35     0.995703     15343211       232.73
       20.48     0.996094     15347318       256.00
       20.61     0.996289     15351210       269.47
       20.73     0.996484     15355319       284.44
       20.86     0.996680     15359141       301.18
       20.86     0.996875     15359141       320.00
       20.99     0.997070     15362741       341.33
       21.12     0.997266     15366105       365.71
       21.25     0.997461     15369167       393.85
       21.38     0.997656     15371999       426.67
       21.50     0.997852     15374670       465.45
       21.63     0.998047     15377131       512.00
       21.76     0.998145     15379315       538.95
       21.89     0.998242     15381203       568.89
       22.02     0.998340     15382886       602.35
       22.14     0.998437     15384321       640.00
       22.27     0.998535     15385690       682.67
       22.40     0.998633     15387066       731.43
       22.53     0.998730     15388398       787.69
       22.66     0.998828     15389674       853.33
       22.78     0.998926     15390726       930.91
       23.04     0.999023     15392707      1024.00
       23.17     0.999072     15393555      1077.89
       23.30     0.999121     15394202      1137.78
       23.42     0.999170     15394746      1204.71
       23.55     0.999219     15395259      1280.00
       23.81     0.999268     15396129      1365.33
       24.06     0.999316     15396849      1462.86
       24.32     0.999365     15397445      1575.38
       24.70     0.999414     15398126      1706.67
       25.34     0.999463     15398905      1861.82
       26.37     0.999512     15399654      2048.00
       27.14     0.999536     15400008      2155.79
       28.03     0.999561     15400432      2275.56
       28.54     0.999585     15400751      2409.41
       29.05     0.999609     15401161      2560.00
       29.82     0.999634     15401533      2730.67
       31.61     0.999658     15401899      2925.71
       33.02     0.999683     15402366      3150.77
       33.53     0.999707     15402688      3413.33
       34.05     0.999731     15403123      3723.64
       34.30     0.999756     15403423      4096.00
       34.56     0.999768     15403748      4311.58
       34.81     0.999780     15404084      4551.11
       34.81     0.999792     15404084      4818.82
       35.07     0.999805     15404373      5120.00
       35.07     0.999817     15404373      5461.33
       35.33     0.999829     15404597      5851.43
       35.58     0.999841     15404783      6301.54
       35.84     0.999854     15404946      6826.67
       36.35     0.999866     15405150      7447.27
       36.86     0.999878     15405316      8192.00
       37.12     0.999884     15405375      8623.16
       37.63     0.999890     15405455      9102.22
       38.14     0.999896     15405550      9637.65
       38.91     0.999902     15405645     10240.00
       40.19     0.999908     15405737     10922.67
       41.73     0.999915     15405835     11702.86
       42.49     0.999921     15405963     12603.08
       42.75     0.999927     15406023     13653.33
       43.26     0.999933     15406184     14894.55
       43.52     0.999939     15406268     16384.00
       43.52     0.999942     15406268     17246.32
       43.77     0.999945     15406338     18204.44
       43.77     0.999948     15406338     19275.29
       44.03     0.999951     15406436     20480.00
       44.03     0.999954     15406436     21845.33
       44.29     0.999957     15406496     23405.71
       44.54     0.999960     15406551     25206.15
       44.80     0.999963     15406590     27306.67
       45.31     0.999966     15406635     29789.09
       46.59     0.999969     15406668     32768.00
       47.36     0.999971     15406695     34492.63
       47.87     0.999973     15406721     36408.89
       48.38     0.999974     15406737     38550.59
       49.66     0.999976     15406768     40960.00
       50.69     0.999977     15406790     43690.67
       51.20     0.999979     15406808     46811.43
       51.97     0.999980     15406839     50412.31
       52.48     0.999982     15406854     54613.33
       52.99     0.999983     15406885     59578.18
       53.50     0.999985     15406904     65536.00
       54.02     0.999986     15406925     68985.26
       54.02     0.999986     15406925     72817.78
       54.27     0.999987     15406940     77101.18
       54.78     0.999988     15406950     81920.00
       55.55     0.999989     15406963     87381.33
       55.81     0.999989     15406974     93622.86
       56.32     0.999990     15406988    100824.62
       56.58     0.999991     15406995    109226.67
       57.85     0.999992     15407011    119156.36
       58.37     0.999992     15407019    131072.00
       59.13     0.999993     15407028    137970.53
       59.39     0.999993     15407039    145635.56
       59.39     0.999994     15407039    154202.35
       59.65     0.999994     15407045    163840.00
       59.90     0.999994     15407053    174762.67
       60.16     0.999995     15407060    187245.71
       60.16     0.999995     15407060    201649.23
       60.67     0.999995     15407066    218453.33
       61.44     0.999996     15407073    238312.73
       61.95     0.999996     15407082    262144.00
       61.95     0.999996     15407082    275941.05
       62.72     0.999997     15407086    291271.11
       62.98     0.999997     15407088    308404.71
       63.23     0.999997     15407092    327680.00
       63.23     0.999997     15407092    349525.33
       63.49     0.999997     15407095    374491.43
       64.25     0.999998     15407105    403298.46
       64.25     0.999998     15407105    436906.67
       64.25     0.999998     15407105    476625.45
       64.51     0.999998     15407109    524288.00
       64.51     0.999998     15407109    551882.11
       64.77     0.999998     15407114    582542.22
       64.77     0.999998     15407114    616809.41
       64.77     0.999998     15407114    655360.00
       64.77     0.999999     15407114    699050.67
       65.02     0.999999     15407118    748982.86
       65.02     0.999999     15407118    806596.92
       65.28     0.999999     15407123    873813.33
       65.28     0.999999     15407123    953250.91
       65.28     0.999999     15407123   1048576.00
       65.28     0.999999     15407123   1103764.21
       65.28     0.999999     15407123   1165084.44
       65.53     0.999999     15407125   1233618.82
       65.53     0.999999     15407125   1310720.00
       65.53     0.999999     15407125   1398101.33
       66.05     0.999999     15407129   1497965.71
       66.05     0.999999     15407129   1613193.85
       66.05     0.999999     15407129   1747626.67
       66.05     0.999999     15407129   1906501.82
       66.05     1.000000     15407129   2097152.00
       66.56     1.000000     15407131   2207528.42
       66.56     1.000000     15407131   2330168.89
       66.56     1.000000     15407131   2467237.65
       66.56     1.000000     15407131   2621440.00
       66.56     1.000000     15407131   2796202.67
       66.56     1.000000     15407131   2995931.43
       67.07     1.000000     15407132   3226387.69
       67.07     1.000000     15407132   3495253.33
       67.07     1.000000     15407132   3813003.64
       78.85     1.000000     15407133   4194304.00
       78.85     1.000000     15407133   4415056.84
       78.85     1.000000     15407133   4660337.78
       78.85     1.000000     15407133   4934475.29
       79.36     1.000000     15407134   5242880.00
       79.36     1.000000     15407134   5592405.33
       79.36     1.000000     15407134   5991862.86
       79.36     1.000000     15407134   6452775.39
       79.36     1.000000     15407134   6990506.67
       79.36     1.000000     15407134   7626007.28
       79.87     1.000000     15407135   8388608.00
       79.87     1.000000     15407135   8830113.68
       79.87     1.000000     15407135   9320675.55
       79.87     1.000000     15407135   9868950.59
       79.87     1.000000     15407135  10485760.00
       79.87     1.000000     15407135  11184810.67
       79.87     1.000000     15407135  11983725.71
       79.87     1.000000     15407135  12905550.76
       79.87     1.000000     15407135  13981013.34
       79.87     1.000000     15407135  15252014.55
       89.09     1.000000     15407136  16777216.00
       89.09     1.000000     15407136          inf
#[Mean    =        7.075, StdDeviation   =        3.748]
#[Max     =       89.087, Total count    =     15407136]
#[Buckets =           10, SubBuckets     =          256]
