       Value   Percentile   TotalCount 1/(1-Percentile)

        0.43     0.000000            1         1.00
        2.32     0.050000        79363         1.05
        2.78     0.100000       156803         1.11
        3.18     0.150000       231141         1.18
        3.68     0.200000       309147         1.25
        4.16     0.250000       385589         1.33
        4.67     0.300000       467314         1.43
        5.15     0.350000       544133         1.54
        5.57     0.400000       620576         1.67
        6.14     0.450000       693649         1.82
        6.69     0.500000       772951         2.00
        6.94     0.525000       811633         2.11
        7.23     0.550000       851231         2.22
        7.49     0.575000       887184         2.35
        7.74     0.600000       928242         2.50
        7.93     0.625000       968421         2.67
        8.06     0.650000      1014726         2.86
        8.13     0.675000      1040209         3.08
        8.32     0.700000      1085185         3.33
        8.64     0.725000      1125410         3.64
        8.89     0.750000      1161194         4.00
        9.09     0.762500      1179639         4.21
        9.28     0.775000      1197051         4.44
        9.54     0.787500      1218484         4.71
        9.73     0.800000      1233391         5.00
        9.98     0.812500      1252629         5.33
       10.24     0.825000      1271577         5.71
       10.56     0.837500      1295022         6.15
       10.81     0.850000      1312697         6.67
       11.13     0.862500      1332591         7.27
       11.46     0.875000      1350634         8.00
       11.65     0.881250      1360372         8.42
       11.84     0.887500      1369551         8.89
       12.03     0.893750      1378274         9.41
       12.22     0.900000      1386840        10.00
       12.48     0.906250      1397613        10.67
       12.73     0.912500      1408050        11.43
       12.93     0.918750      1415951        12.31
       13.25     0.925000      1425528        13.33
       13.57     0.931250      1434895        14.55
       13.89     0.937500      1444601        16.00
       14.08     0.940625      1450425        16.84
       14.21     0.943750      1454501        17.78
       14.40     0.946875      1460588        18.82
       14.53     0.950000      1464758        20.00
       14.65     0.953125      1468962        21.33
       14.85     0.956250      1475119        22.86
       14.97     0.959375      1479135        24.62
       15.17     0.962500      1484866        26.67
       15.29     0.965625      1488455        29.09
       15.49     0.968750      1493721        32.00
       15.55     0.970313      1495472        33.68
       15.68     0.971875      1498719        35.56
       15.74     0.973437      1500281        37.65
       15.87     0.975000      1503359        40.00
       15.94     0.976562      1504894        42.67
       16.06     0.978125      1507900        45.71
       16.19     0.979688      1510536        49.23
       16.32     0.981250      1512639        53.33
       16.51     0.982812      1515148        58.18
       16.77     0.984375      1517966        64.00
       16.77     0.985156      1517966        67.37
       16.89     0.985938      1519224        71.11
       17.15     0.986719      1521112        75.29
       17.28     0.987500      1521956        80.00
       17.54     0.988281      1523424        85.33
       17.66     0.989062      1524073        91.43
       17.92     0.989844      1525376        98.46
       18.18     0.990625      1526603       106.67
       18.43     0.991406      1527666       116.36
       18.82     0.992188      1529158       128.00
       18.94     0.992578      1529609       134.74
       19.07     0.992969      1530035       142.22
       19.33     0.993359      1530826       150.59
       19.45     0.993750      1531200       160.00
       19.71     0.994141      1532075       170.67
       19.84     0.994531      1532508       182.86
       20.09     0.994922      1533362       196.92
       20.22     0.995313      1533808       213.33
       20.35     0.995703      1534229       232.73
       20.61     0.996094      1535001       256.00
       20.73     0.996289      1535433       269.47
       20.73     0.996484      1535433       284.44
       20.86     0.996680      1535811       301.18
       20.99     0.996875      1536162       320.00
       21.12     0.997070      1536482       341.33
       21.25     0.997266      1536782       365.71
       21.38     0.997461      1537078       393.85
       21.50     0.997656      1537322       426.67
       21.63     0.997852      1537553       465.45
       21.89     0.998047      1537974       512.00
       21.89     0.998145      1537974       538.95
       22.02     0.998242      1538183       568.89
       22.14     0.998340      1538332       602.35
       22.27     0.998437      1538500       640.00
       22.40     0.998535      1538638       682.67
       22.53     0.998633      1538769       731.43
       22.66     0.998730      1538907       787.69
       22.78     0.998828      1539024       853.33
       23.04     0.998926      1539232       930.91
       23.17     0.999023      1539317      1024.00
       23.42     0.999072      1539438      1077.89
       23.55     0.999121      1539482      1137.78
       23.81     0.999170      1539584      1204.71
       23.93     0.999219      1539630      1280.00
       24.19     0.999268      1539693      1365.33
       24.57     0.999316      1539773      1462.86
       25.09     0.999365      1539848      1575.38
       25.86     0.999414      1539919      1706.67
       26.75     0.999463      1539994      1861.82
       28.03     0.999512      1540065      2048.00
       28.41     0.999536      1540103      2155.79
       28.80     0.999561      1540140      2275.56
       29.18     0.999585      1540181      2409.41
       30.08     0.999609      1540216      2560.00
       31.23     0.999634      1540254      2730.67
       32.51     0.999658      1540291      2925.71
       33.28     0.999683      1540330      3150.77
       33.79     0.999707      1540368      3413.33
       34.30     0.999731      1540419      3723.64
       34.56     0.999756      1540453      4096.00
       34.81     0.999768      1540489      4311.58
       34.81     0.999780      1540489      4551.11
       35.07     0.999792      1540517      4818.82
       35.07     0.999805      1540517      5120.00
       35.33     0.999817      1540538      5461.33
       35.58     0.999829      1540566      5851.43
       35.84     0.999841      1540584      6301.54
       36.09     0.999854      1540601      6826.67
       36.61     0.999866      1540615      7447.27
       37.12     0.999878      1540635      8192.00
       37.63     0.999884      1540639      8623.16
       38.40     0.999890      1540649      9102.22
       39.42     0.999896      1540657      9637.65
       40.70     0.999902      1540666     10240.00
       41.73     0.999908      1540678     10922.67
       42.24     0.999915      1540687     11702.86
       42.75     0.999921      1540702     12603.08
       43.01     0.999927      1540714     13653.33
       43.01     0.999933      1540714     14894.55
       43.52     0.999939      1540730     16384.00
       43.52     0.999942      1540730     17246.32
       43.77     0.999945      1540736     18204.44
       44.03     0.999948      1540739     19275.29
       44.29     0.999951      1540742     20480.00
       44.54     0.999954      1540748     21845.33
       44.80     0.999957      1540755     23405.71
       44.80     0.999960      1540755     25206.15
       45.57     0.999963      1540761     27306.67
       46.85     0.999966      1540765     29789.09
       47.87     0.999969      1540770     32768.00
       48.13     0.999971      1540772     34492.63
       49.15     0.999973      1540774     36408.89
       49.41     0.999974      1540777     38550.59
       50.43     0.999976      1540780     40960.00
       50.69     0.999977      1540781     43690.67
       51.97     0.999979      1540785     46811.43
       52.22     0.999980      1540786     50412.31
       52.48     0.999982      1540789     54613.33
       52.99     0.999983      1540792     59578.18
       53.25     0.999985      1540793     65536.00
       53.50     0.999986      1540794     68985.26
       54.02     0.999986      1540795     72817.78
       54.27     0.999987      1540797     77101.18
       54.53     0.999988      1540799     81920.00
       54.53     0.999989      1540799     87381.33
       54.78     0.999989      1540800     93622.86
       55.55     0.999990      1540802    100824.62
       55.55     0.999991      1540802    109226.67
       56.58     0.999992      1540804    119156.36
       59.39     0.999992      1540806    131072.00
       59.39     0.999993      1540806    137970.53
       59.39     0.999993      1540806    145635.56
       59.90     0.999994      1540807    154202.35
       59.90     0.999994      1540807    163840.00
       60.16     0.999994      1540808    174762.67
       60.16     0.999995      1540808    187245.71
       61.44     0.999995      1540809    201649.23
       61.44     0.999995      1540809    218453.33
       62.21     0.999996      1540810    238312.73
       62.46     0.999996      1540811    262144.00
       62.46     0.999996      1540811    275941.05
       62.46     0.999997      1540811    291271.11
       62.72     0.999997      1540813    308404.71
       62.72     0.999997      1540813    327680.00
       62.72     0.999997      1540813    349525.33
       62.72     0.999997      1540813    374491.43
       62.72     0.999998      1540813    403298.46
       62.72     0.999998      1540813    436906.67
       62.72     0.999998      1540813    476625.45
       64.77     0.999998      1540814    524288.00
       64.77     0.999998      1540814    551882.11
       64.77     0.999998      1540814    582542.22
       64.77     0.999998      1540814    616809.41
       64.77     0.999998      1540814    655360.00
       64.77     0.999999      1540814    699050.67
       64.77     0.999999      1540814    748982.86
       66.05     0.999999      1540816    806596.92
       66.05     1.000000      1540816          inf
#[Mean    =        7.084, StdDeviation   =        3.756]
#[Max     =       66.047, Total count    =      1540816]
#[Buckets =           10, SubBuckets     =          256]
