       Value   Percentile   TotalCount 1/(1-Percentile)

        0.34     0.000000            1         1.00
        2.30     0.050000       851766         1.05
        2.77     0.100000      1701825         1.11
        3.18     0.150000      2551431         1.18
        3.68     0.200000      3408669         1.25
        4.16     0.250000      4250822         1.33
        4.67     0.300000      5150594         1.43
        5.15     0.350000      5998876         1.54
        5.54     0.400000      6780480         1.67
        6.14     0.450000      7639792         1.82
        6.69     0.500000      8507998         2.00
        6.94     0.525000      8933941         2.11
        7.20     0.550000      9323612         2.22
        7.49     0.575000      9766402         2.35
        7.74     0.600000     10218215         2.50
        7.93     0.625000     10665227         2.67
        8.03     0.650000     11035634         2.86
        8.13     0.675000     11458166         3.08
        8.32     0.700000     11942257         3.33
        8.57     0.725000     12290632         3.64
        8.89     0.750000     12776264         4.00
        9.09     0.762500     12980382         4.21
        9.28     0.775000     13172517         4.44
        9.47     0.787500     13351052         4.71
        9.73     0.800000     13572323         5.00
        9.98     0.812500     13784793         5.33
       10.24     0.825000     13995089         5.71
       10.49     0.837500     14201962         6.15
       10.81     0.850000     14444216         6.67
       11.07     0.862500     14621776         7.27
       11.46     0.875000     14861632         8.00
       11.65     0.881250     14969391         8.42
       11.84     0.887500     15071033         8.89
       12.03     0.893750     15166792         9.41
       12.22     0.900000     15260603        10.00
       12.48     0.906250     15379001        10.67
       12.73     0.912500     15493095        11.43
       12.93     0.918750     15578990        12.31
       13.25     0.925000     15684916        13.33
       13.57     0.931250     15788170        14.55
       13.89     0.937500     15893356        16.00
       14.08     0.940625     15957733        16.84
       14.21     0.943750     16001978        17.78
       14.34     0.946875     16047648        18.82
       14.53     0.950000     16116014        20.00
       14.65     0.953125     16162152        21.33
       14.78     0.956250     16207774        22.86
       14.97     0.959375     16274956        24.62
       15.10     0.962500     16317379        26.67
       15.29     0.965625     16377600        29.09
       15.49     0.968750     16434621        32.00
       15.55     0.970313     16453163        33.68
       15.68     0.971875     16488908        35.56
       15.74     0.973437     16506188        37.65
       15.87     0.975000     16540569        40.00
       15.94     0.976562     16557561        42.67
       16.06     0.978125     16590612        45.71
       16.13     0.979688     16605629        49.23
       16.25     0.981250     16630499        53.33
       16.51     0.982812     16667900        58.18
       16.64     0.984375     16683924        64.00
       16.77     0.985156     16699626        67.37
       16.89     0.985938     16713235        71.11
       17.02     0.986719     16723941        75.29
       17.28     0.987500     16742977        80.00
       17.41     0.988281     16751275        85.33
       17.66     0.989062     16766413        91.43
       17.92     0.989844     16780327        98.46
       18.18     0.990625     16793331       106.67
       18.43     0.991406     16805415       116.36
       18.69     0.992188     16816666       128.00
       18.94     0.992578     16826757       134.74
       19.07     0.992969     16831281       142.22
       19.20     0.993359     16835747       150.59
       19.45     0.993750     16844281       160.00
       19.58     0.994141     16848853       170.67
       19.84     0.994531     16858340       182.86
       19.97     0.994922     16863111       196.92
       20.22     0.995313     16872867       213.33
       20.35     0.995703     16877440       232.73
       20.48     0.996094     16881946       256.00
       20.61     0.996289     16886211       269.47
       20.73     0.996484     16890752       284.44
       20.86     0.996680     16894952       301.18
       20.99     0.996875     16898903       320.00
       20.99     0.997070     16898903       341.33
       21.12     0.997266     16902587       365.71
       21.25     0.997461     16905949       393.85
       21.38     0.997656     16909077       426.67
       21.50     0.997852     16911992       465.45
       21.76     0.998047     16917113       512.00
       21.76     0.998145     16917113       538.95
       21.89     0.998242     16919177       568.89
       22.02     0.998340     16921069       602.35
       22.14     0.998437     16922653       640.00
       22.27     0.998535     16924190       682.67
       22.40     0.998633     16925704       731.43
       22.53     0.998730     16927167       787.69
       22.66     0.998828     16928581       853.33
       22.78     0.998926     16929750       930.91
       23.04     0.999023     16931939      1024.00
       23.17     0.999072     16932872      1077.89
       23.30     0.999121     16933585      1137.78
       23.42     0.999170     16934184      1204.71
       23.55     0.999219     16934741      1280.00
       23.81     0.999268     16935713      1365.33
       24.06     0.999316     16936515      1462.86
       24.45     0.999365     16937439      1575.38
       24.83     0.999414     16938111      1706.67
       25.47     0.999463     16938898      1861.82
       26.50     0.999512     16939701      2048.00
       27.26     0.999536     16940094      2155.79
       28.16     0.999561     16940582      2275.56
       28.67     0.999585     16940974      2409.41
       29.18     0.999609     16941403      2560.00
       29.95     0.999634     16941777      2730.67
       31.61     0.999658     16942165      2925.71
       33.02     0.999683     16942677      3150.77
       33.53     0.999707     16943035      3413.33
       34.05     0.999731     16943518      3723.64
       34.30     0.999756     16943842      4096.00
       34.56     0.999768     16944201      4311.58
       34.81     0.999780     16944573      4551.11
       34.81     0.999792     16944573      4818.82
       35.07     0.999805     16944890      5120.00
       35.07     0.999817     16944890      5461.33
       35.33     0.999829     16945135      5851.43
       35.58     0.999841     16945349      6301.54
       35.84     0.999854     16945530      6826.67
       36.35     0.999866     16945757      7447.27
       36.86     0.999878     16945941      8192.00
       37.12     0.999884     16946010      8623.16
       37.63     0.999890     16946094      9102.22
       38.14     0.999896     16946195      9637.65
       38.91     0.999902     16946300     10240.00
       40.45     0.999908     16946421     10922.67
       41.73     0.999915     16946513     11702.86
       42.49     0.999921     16946655     12603.08
       42.75     0.999927     16946725     13653.33
       43.26     0.999933     16946904     14894.55
       43.52     0.999939     16946998     16384.00
       43.52     0.999942     16946998     17246.32
       43.77     0.999945     16947074     18204.44
       43.77     0.999948     16947074     19275.29
       44.03     0.999951     16947175     20480.00
       44.29     0.999954     16947238     21845.33
       44.29     0.999957     16947238     23405.71
       44.54     0.999960     16947299     25206.15
       44.80     0.999963     16947345     27306.67
       45.31     0.999966     16947394     29789.09
       46.85     0.999969     16947435     32768.00
       47.36     0.999971     16947461     34492.63
       47.87     0.999973     16947491     36408.89
       48.64     0.999974     16947514     38550.59
       49.66     0.999976     16947545     40960.00
       50.69     0.999977     16947571     43690.67
       51.20     0.999979     16947590     46811.43
       51.97     0.999980     16947624     50412.31
       52.48     0.999982     16947643     54613.33
       52.99     0.999983     16947677     59578.18
       53.50     0.999985     16947698     65536.00
       54.02     0.999986     16947720     68985.26
       54.02     0.999986     16947720     72817.78
       54.27     0.999987     16947737     77101.18
       54.78     0.999988     16947750     81920.00
       55.55     0.999989     16947765     87381.33
       55.81     0.999989     16947776     93622.86
       56.06     0.999990     16947785    100824.62
       56.58     0.999991     16947799    109226.67
       57.60     0.999992     16947810    119156.36
       58.37     0.999992     16947823    131072.00
       59.13     0.999993     16947832    137970.53
       59.39     0.999993     16947845    145635.56
       59.39     0.999994     16947845    154202.35
       59.65     0.999994     16947851    163840.00
       59.90     0.999994     16947860    174762.67
       60.16     0.999995     16947868    187245.71
       60.16     0.999995     16947868    201649.23
       60.93     0.999995     16947877    218453.33
       61.44     0.999996     16947882    238312.73
       61.95     0.999996     16947891    262144.00
       61.95     0.999996     16947891    275941.05
       62.46     0.999997     16947894    291271.11
       62.72     0.999997     16947899    308404.71
       62.98     0.999997     16947901    327680.00
       63.23     0.999997     16947905    349525.33
       63.49     0.999997     16947908    374491.43
       64.00     0.999998     16947910    403298.46
       64.25     0.999998     16947918    436906.67
       64.25     0.999998     16947918    476625.45
       64.51     0.999998     16947922    524288.00
       64.51     0.999998     16947922    551882.11
       64.77     0.999998     16947928    582542.22
       64.77     0.999998     16947928    616809.41
       64.77     0.999998     16947928    655360.00
       64.77     0.999999     16947928    699050.67
       65.02     0.999999     16947932    748982.86
       65.02     0.999999     16947932    806596.92
       65.28     0.999999     16947937    873813.33
       65.28     0.999999     16947937    953250.91
       65.28     0.999999     16947937   1048576.00
       65.28     0.999999     16947937   1103764.21
       65.53     0.999999     16947939   1165084.44
       65.53     0.999999     16947939   1233618.82
       66.05     0.999999     16947945   1310720.00
       66.05     0.999999     16947945   1398101.33
       66.05     0.999999     16947945   1497965.71
       66.05     0.999999     16947945   1613193.85
       66.05     0.999999     16947945   1747626.67
       66.05     0.999999     16947945   1906501.82
       66.05     1.000000     16947945   2097152.00
       66.05     1.000000     16947945   2207528.42
       66.05     1.000000     16947945   2330168.89
       66.56     1.000000     16947947   2467237.65
       66.56     1.000000     16947947   2621440.00
       66.56     1.000000     16947947   2796202.67
       66.56     1.000000     16947947   2995931.43
       66.56     1.000000     16947947   3226387.69
       67.07     1.000000     16947948   3495253.33
       67.07     1.000000     16947948   3813003.64
       67.07     1.000000     16947948   4194304.00
       78.85     1.000000     16947949   4415056.84
       78.85     1.000000     16947949   4660337.78
       78.85     1.000000     16947949   4934475.29
       78.85     1.000000     16947949   5242880.00
       78.85     1.000000     16947949   5592405.33
       79.36     1.000000     16947950   5991862.86
       79.36     1.000000     16947950   6452775.39
       79.36     1.000000     16947950   6990506.67
       79.36     1.000000     16947950   7626007.28
       79.36     1.000000     16947950   8388608.00
       79.87     1.000000     16947951   8830113.68
       79.87     1.000000     16947951   9320675.55
       79.87     1.000000     16947951   9868950.59
       79.87     1.000000     16947951  10485760.00
       79.87     1.000000     16947951  11184810.67
       79.87     1.000000     16947951  11983725.71
       79.87     1.000000     16947951  12905550.76
       79.87     1.000000     16947951  13981013.34
       79.87     1.000000     16947951  15252014.55
       79.87     1.000000     16947951  16777216.00
       89.09     1.000000     16947952  17660227.38
       89.09     1.000000     16947952          inf
#[Mean    =        7.076, StdDeviation   =        3.749]
#[Max     =       89.087, Total count    =     16947952]
#[Buckets =           10, SubBuckets     =          256]
