       Value   Percentile   TotalCount 1/(1-Percentile)

        0.34     0.000000            1         1.00
        2.21     0.050000       765956         1.05
        2.67     0.100000      1504247         1.11
        3.13     0.150000      2248478         1.18
        3.65     0.200000      2983149         1.25
        4.09     0.250000      3748159         1.33
        4.64     0.300000      4506760         1.43
        5.09     0.350000      5240998         1.54
        5.63     0.400000      5975122         1.67
        6.21     0.450000      6739817         1.82
        6.75     0.500000      7486320         2.00
        7.01     0.525000      7848706         2.11
        7.26     0.550000      8215698         2.22
        7.52     0.575000      8577531         2.35
        7.81     0.600000      8975663         2.50
        8.03     0.625000      9372556         2.67
        8.19     0.650000      9759724         2.86
        8.38     0.675000     10126278         3.08
        8.64     0.700000     10467411         3.33
        9.02     0.725000     10859845         3.64
        9.54     0.750000     11191425         4.00
        9.79     0.762500     11368453         4.21
       10.11     0.775000     11599230         4.44
       10.37     0.787500     11779529         4.71
       10.62     0.800000     11953048         5.00
       10.88     0.812500     12131357         5.33
       11.13     0.825000     12316207         5.71
       11.39     0.837500     12502087         6.15
       11.65     0.850000     12680945         6.67
       11.97     0.862500     12886299         7.27
       12.29     0.875000     13079072         8.00
       12.41     0.881250     13154115         8.42
       12.61     0.887500     13262901         8.89
       12.73     0.893750     13332234         9.41
       12.93     0.900000     13435803        10.00
       13.12     0.906250     13540548        10.67
       13.31     0.912500     13625021        11.43
       13.50     0.918750     13703986        12.31
       13.76     0.925000     13805288        13.33
       14.02     0.931250     13901984        14.55
       14.27     0.937500     13991172        16.00
       14.40     0.940625     14032644        16.84
       14.53     0.943750     14071837        17.78
       14.72     0.946875     14126014        18.82
       14.91     0.950000     14175857        20.00
       15.10     0.953125     14221709        21.33
       15.29     0.956250     14264349        22.86
       15.49     0.959375     14303738        24.62
       15.74     0.962500     14351973        26.67
       16.00     0.965625     14396903        29.09
       16.32     0.968750     14450683        32.00
       16.51     0.970313     14480733        33.68
       16.64     0.971875     14500171        35.56
       16.77     0.973437     14518670        37.65
       16.89     0.975000     14536225        40.00
       17.15     0.976562     14568730        42.67
       17.28     0.978125     14582686        45.71
       17.54     0.979688     14607230        49.23
       17.92     0.981250     14638040        53.33
       18.18     0.982812     14655603        58.18
       18.56     0.984375     14679714        64.00
       18.82     0.985156     14694679        67.37
       18.94     0.985938     14701989        71.11
       19.20     0.986719     14716132        75.29
       19.33     0.987500     14723255        80.00
       19.58     0.988281     14737813        85.33
       19.84     0.989062     14752339        91.43
       19.97     0.989844     14759705        98.46
       20.22     0.990625     14774055       106.67
       20.35     0.991406     14780959       116.36
       20.61     0.992188     14794090       128.00
       20.73     0.992578     14800534       134.74
       20.86     0.992969     14806818       142.22
       20.99     0.993359     14813558       150.59
       21.12     0.993750     14819732       160.00
       21.25     0.994141     14825737       170.67
       21.38     0.994531     14831451       182.86
       21.50     0.994922     14836988       196.92
       21.63     0.995313     14842238       213.33
       21.76     0.995703     14847051       232.73
       21.89     0.996094     14851628       256.00
       22.02     0.996289     14855706       269.47
       22.14     0.996484     14859509       284.44
       22.14     0.996680     14859509       301.18
       22.27     0.996875     14863164       320.00
       22.40     0.997070     14866423       341.33
       22.53     0.997266     14869532       365.71
       22.66     0.997461     14872437       393.85
       22.78     0.997656     14875199       426.67
       22.91     0.997852     14877713       465.45
       23.04     0.998047     14880086       512.00
       23.17     0.998145     14882001       538.95
       23.30     0.998242     14883807       568.89
       23.42     0.998340     14885430       602.35
       23.42     0.998437     14885430       640.00
       23.55     0.998535     14886902       682.67
       23.81     0.998633     14889415       731.43
       23.93     0.998730     14890503       787.69
       24.06     0.998828     14891505       853.33
       24.32     0.998926     14893203       930.91
       24.57     0.999023     14894651      1024.00
       24.70     0.999072     14895270      1077.89
       24.83     0.999121     14895766      1137.78
       25.09     0.999170     14896670      1204.71
       25.21     0.999219     14897076      1280.00
       25.47     0.999268     14897738      1365.33
       25.86     0.999316     14898599      1462.86
       26.24     0.999365     14899168      1575.38
       26.88     0.999414     14899912      1706.67
       28.03     0.999463     14900649      1861.82
       29.44     0.999512     14901330      2048.00
       30.08     0.999536     14901692      2155.79
       30.46     0.999561     14902095      2275.56
       30.72     0.999585     14902457      2409.41
       30.98     0.999609     14902868      2560.00
       31.23     0.999634     14903255      2730.67
       31.49     0.999658     14903526      2925.71
       32.00     0.999683     14903895      3150.77
       33.02     0.999707     14904241      3413.33
       34.56     0.999731     14904604      3723.64
       36.35     0.999756     14904992      4096.00
       36.86     0.999768     14905222      4311.58
       37.12     0.999780     14905501      4551.11
       37.38     0.999792     14905656      4818.82
       37.63     0.999805     14905818      5120.00
       37.89     0.999817     14905976      5461.33
       38.14     0.999829     14906130      5851.43
       38.40     0.999841     14906306      6301.54
       38.66     0.999854     14906474      6826.67
       38.91     0.999866     14906634      7447.27
       39.17     0.999878     14906804      8192.00
       39.42     0.999884     14906994      8623.16
       39.42     0.999890     14906994      9102.22
       39.68     0.999896     14907172      9637.65
       39.68     0.999902     14907172     10240.00
       39.94     0.999908     14907338     10922.67
       39.94     0.999915     14907338     11702.86
       40.19     0.999921     14907474     12603.08
       40.45     0.999927     14907562     13653.33
       40.70     0.999933     14907638     14894.55
       40.96     0.999939     14907709     16384.00
       41.22     0.999942     14907768     17246.32
       41.47     0.999945     14907805     18204.44
       41.73     0.999948     14907852     19275.29
       42.24     0.999951     14907893     20480.00
       42.75     0.999954     14907926     21845.33
       43.52     0.999957     14907978     23405.71
       43.77     0.999960     14908034     25206.15
       44.03     0.999963     14908064     27306.67
       44.54     0.999966     14908124     29789.09
       44.80     0.999969     14908154     32768.00
       45.05     0.999971     14908182     34492.63
       45.31     0.999973     14908198     36408.89
       45.82     0.999974     14908228     38550.59
       46.34     0.999976     14908259     40960.00
       46.59     0.999977     14908268     43690.67
       47.36     0.999979     14908309     46811.43
       47.62     0.999980     14908321     50412.31
       47.87     0.999982     14908337     54613.33
       48.13     0.999983     14908362     59578.18
       48.38     0.999985     14908391     65536.00
       48.38     0.999986     14908391     68985.26
       48.64     0.999986     14908415     72817.78
       48.64     0.999987     14908415     77101.18
       48.90     0.999988     14908442     81920.00
       48.90     0.999989     14908442     87381.33
       49.15     0.999989     14908458     93622.86
       49.41     0.999990     14908477    100824.62
       49.41     0.999991     14908477    109226.67
       49.66     0.999992     14908483    119156.36
       50.17     0.999992     14908494    131072.00
       50.43     0.999993     14908506    137970.53
       50.43     0.999993     14908506    145635.56
       50.69     0.999994     14908513    154202.35
       50.94     0.999994     14908521    163840.00
       51.20     0.999994     14908525    174762.67
       51.45     0.999995     14908530    187245.71
       51.97     0.999995     14908536    201649.23
       52.22     0.999995     14908540    218453.33
       52.73     0.999996     14908545    238312.73
       52.99     0.999996     14908552    262144.00
       53.25     0.999996     14908557    275941.05
       53.25     0.999997     14908557    291271.11
       53.50     0.999997     14908561    308404.71
       53.76     0.999997     14908563    327680.00
       54.27     0.999997     14908565    349525.33
       54.78     0.999997     14908568    374491.43
       55.30     0.999998     14908572    403298.46
       55.55     0.999998     14908575    436906.67
       55.81     0.999998     14908577    476625.45
       56.06     0.999998     14908580    524288.00
       56.06     0.999998     14908580    551882.11
       56.58     0.999998     14908583    582542.22
       56.58     0.999998     14908583    616809.41
       57.09     0.999998     14908586    655360.00
       57.09     0.999999     14908586    699050.67
       58.37     0.999999     14908588    748982.86
       58.88     0.999999     14908589    806596.92
       59.13     0.999999     14908593    873813.33
       59.13     0.999999     14908593    953250.91
       59.13     0.999999     14908593   1048576.00
       59.39     0.999999     14908594   1103764.21
       59.65     0.999999     14908597   1165084.44
       59.65     0.999999     14908597   1233618.82
       59.65     0.999999     14908597   1310720.00
       59.65     0.999999     14908597   1398101.33
       59.90     0.999999     14908600   1497965.71
       59.90     0.999999     14908600   1613193.85
       59.90     0.999999     14908600   1747626.67
       59.90     0.999999     14908600   1906501.82
       59.90     1.000000     14908600   2097152.00
       60.16     1.000000     14908601   2207528.42
       60.16     1.000000     14908601   2330168.89
       60.16     1.000000     14908601   2467237.65
       60.41     1.000000     14908602   2621440.00
       60.41     1.000000     14908602   2796202.67
       60.67     1.000000     14908603   2995931.43
       60.67     1.000000     14908603   3226387.69
       60.67     1.000000     14908603   3495253.33
       61.44     1.000000     14908604   3813003.64
       61.44     1.000000     14908604   4194304.00
       61.44     1.000000     14908604   4415056.84
       61.44     1.000000     14908604   4660337.78
       61.44     1.000000     14908604   4934475.29
       62.72     1.000000     14908605   5242880.00
       62.72     1.000000     14908605   5592405.33
       62.72     1.000000     14908605   5991862.86
       62.72     1.000000     14908605   6452775.39
       62.72     1.000000     14908605   6990506.67
       62.98     1.000000     14908606   7626007.28
       62.98     1.000000     14908606   8388608.00
       62.98     1.000000     14908606   8830113.68
       62.98     1.000000     14908606   9320675.55
       62.98     1.000000     14908606   9868950.59
       62.98     1.000000     14908606  10485760.00
       62.98     1.000000     14908606  11184810.67
       62.98     1.000000     14908606  11983725.71
       62.98     1.000000     14908606  12905550.76
       62.98     1.000000     14908606  13981013.34
       64.25     1.000000     14908607  15252014.55
       64.25     1.000000     14908607          inf
#[Mean    =        7.312, StdDeviation   =        4.092]
#[Max     =       64.255, Total count    =     14908607]
#[Buckets =           10, SubBuckets     =          256]
