       Value   Percentile   TotalCount 1/(1-Percentile)

        0.51     0.000000            1         1.00
        2.21     0.050000        75597         1.05
        2.67     0.100000       149571         1.11
        3.13     0.150000       224009         1.18
        3.66     0.200000       299772         1.25
        4.09     0.250000       373657         1.33
        4.64     0.300000       448946         1.43
        5.09     0.350000       522773         1.54
        5.66     0.400000       599926         1.67
        6.21     0.450000       672155         1.82
        6.75     0.500000       747554         2.00
        7.01     0.525000       783963         2.11
        7.26     0.550000       820560         2.22
        7.55     0.575000       861077         2.35
        7.81     0.600000       896031         2.50
        8.03     0.625000       935111         2.67
        8.19     0.650000       973815         2.86
        8.38     0.675000      1010962         3.08
        8.64     0.700000      1045629         3.33
        9.02     0.725000      1085073         3.64
        9.54     0.750000      1118388         4.00
        9.86     0.762500      1140711         4.21
       10.11     0.775000      1159300         4.44
       10.37     0.787500      1177298         4.71
       10.62     0.800000      1194750         5.00
       10.88     0.812500      1212419         5.33
       11.13     0.825000      1230855         5.71
       11.39     0.837500      1249514         6.15
       11.65     0.850000      1267474         6.67
       11.97     0.862500      1288096         7.27
       12.29     0.875000      1307052         8.00
       12.41     0.881250      1314605         8.42
       12.61     0.887500      1325624         8.89
       12.80     0.893750      1335841         9.41
       12.93     0.900000      1342625        10.00
       13.12     0.906250      1353223        10.67
       13.31     0.912500      1361819        11.43
       13.57     0.918750      1372258        12.31
       13.76     0.925000      1379728        13.33
       14.02     0.931250      1389515        14.55
       14.27     0.937500      1398497        16.00
       14.40     0.940625      1402580        16.84
       14.59     0.943750      1408290        17.78
       14.72     0.946875      1411845        18.82
       14.91     0.950000      1416926        20.00
       15.10     0.953125      1421585        21.33
       15.29     0.956250      1425843        22.86
       15.55     0.959375      1431179        24.62
       15.81     0.962500      1436018        26.67
       16.06     0.965625      1440567        29.09
       16.32     0.968750      1444963        32.00
       16.51     0.970313      1448071        33.68
       16.64     0.971875      1450041        35.56
       16.77     0.973437      1451878        37.65
       17.02     0.975000      1455363        40.00
       17.15     0.976562      1456937        42.67
       17.41     0.978125      1459512        45.71
       17.54     0.979688      1460727        49.23
       17.92     0.981250      1463869        53.33
       18.18     0.982812      1465673        58.18
       18.56     0.984375      1468039        64.00
       18.82     0.985156      1469539        67.37
       18.94     0.985938      1470258        71.11
       19.20     0.986719      1471600        75.29
       19.45     0.987500      1473039        80.00
       19.58     0.988281      1473800        85.33
       19.84     0.989062      1475241        91.43
       19.97     0.989844      1475998        98.46
       20.22     0.990625      1477467       106.67
       20.48     0.991406      1478773       116.36
       20.61     0.992188      1479429       128.00
       20.73     0.992578      1480075       134.74
       20.86     0.992969      1480722       142.22
       20.99     0.993359      1481405       150.59
       21.12     0.993750      1482034       160.00
       21.25     0.994141      1482602       170.67
       21.38     0.994531      1483163       182.86
       21.50     0.994922      1483718       196.92
       21.63     0.995313      1484261       213.33
       21.76     0.995703      1484771       232.73
       21.89     0.996094      1485259       256.00
       22.02     0.996289      1485671       269.47
       22.14     0.996484      1486064       284.44
       22.14     0.996680      1486064       301.18
       22.27     0.996875      1486434       320.00
       22.40     0.997070      1486736       341.33
       22.53     0.997266      1487022       365.71
       22.66     0.997461      1487301       393.85
       22.78     0.997656      1487554       426.67
       22.91     0.997852      1487800       465.45
       23.17     0.998047      1488188       512.00
       23.30     0.998145      1488353       538.95
       23.30     0.998242      1488353       568.89
       23.42     0.998340      1488517       602.35
       23.55     0.998437      1488642       640.00
       23.81     0.998535      1488891       682.67
       23.93     0.998633      1489008       731.43
       24.06     0.998730      1489108       787.69
       24.32     0.998828      1489272       853.33
       24.57     0.998926      1489422       930.91
       24.83     0.999023      1489533      1024.00
       24.96     0.999072      1489594      1077.89
       25.21     0.999121      1489671      1137.78
       25.47     0.999170      1489747      1204.71
       25.73     0.999219      1489810      1280.00
       26.11     0.999268      1489884      1365.33
       26.62     0.999316      1489948      1462.86
       27.39     0.999365      1490027      1575.38
       28.54     0.999414      1490102      1706.67
       29.44     0.999463      1490166      1861.82
       30.34     0.999512      1490240      2048.00
       30.72     0.999536      1490287      2155.79
       30.98     0.999561      1490332      2275.56
       31.10     0.999585      1490351      2409.41
       31.36     0.999609      1490386      2560.00
       31.74     0.999634      1490423      2730.67
       32.26     0.999658      1490457      2925.71
       33.53     0.999683      1490496      3150.77
       35.33     0.999707      1490535      3413.33
       36.35     0.999731      1490575      3723.64
       37.12     0.999756      1490629      4096.00
       37.12     0.999768      1490629      4311.58
       37.38     0.999780      1490640      4551.11
       37.63     0.999792      1490666      4818.82
       37.89     0.999805      1490676      5120.00
       38.14     0.999817      1490694      5461.33
       38.66     0.999829      1490723      5851.43
       38.91     0.999841      1490743      6301.54
       39.17     0.999854      1490758      6826.67
       39.42     0.999866      1490779      7447.27
       39.68     0.999878      1490800      8192.00
       39.68     0.999884      1490800      8623.16
       39.94     0.999890      1490820      9102.22
       39.94     0.999896      1490820      9637.65
       40.19     0.999902      1490841     10240.00
       40.19     0.999908      1490841     10922.67
       40.19     0.999915      1490841     11702.86
       40.45     0.999921      1490856     12603.08
       40.70     0.999927      1490865     13653.33
       40.96     0.999933      1490871     14894.55
       41.22     0.999939      1490878     16384.00
       41.47     0.999942      1490886     17246.32
       41.47     0.999945      1490886     18204.44
       42.24     0.999948      1490889     19275.29
       43.26     0.999951      1490896     20480.00
       43.52     0.999954      1490899     21845.33
       43.77     0.999957      1490904     23405.71
       44.03     0.999960      1490911     25206.15
       44.54     0.999963      1490916     27306.67
       44.54     0.999966      1490916     29789.09
       45.31     0.999969      1490921     32768.00
       45.57     0.999971      1490927     34492.63
       45.57     0.999973      1490927     36408.89
       45.82     0.999974      1490929     38550.59
       46.08     0.999976      1490931     40960.00
       46.85     0.999977      1490933     43690.67
       47.10     0.999979      1490937     46811.43
       47.10     0.999980      1490937     50412.31
       47.87     0.999982      1490941     54613.33
       47.87     0.999983      1490941     59578.18
       48.38     0.999985      1490944     65536.00
       48.64     0.999986      1490946     68985.26
       48.64     0.999986      1490946     72817.78
       48.90     0.999987      1490951     77101.18
       48.90     0.999988      1490951     81920.00
       48.90     0.999989      1490951     87381.33
       48.90     0.999989      1490951     93622.86
       49.15     0.999990      1490953    100824.62
       49.15     0.999991      1490953    109226.67
       49.92     0.999992      1490954    119156.36
       50.43     0.999992      1490955    131072.00
       51.97     0.999993      1490958    137970.53
       51.97     0.999993      1490958    145635.56
       51.97     0.999994      1490958    154202.35
       51.97     0.999994      1490958    163840.00
       51.97     0.999994      1490958    174762.67
       52.99     0.999995      1490959    187245.71
       52.99     0.999995      1490959    201649.23
       53.25     0.999995      1490960    218453.33
       53.25     0.999996      1490960    238312.73
       53.50     0.999996      1490961    262144.00
       53.50     0.999996      1490961    275941.05
       53.50     0.999997      1490961    291271.11
       54.02     0.999997      1490962    308404.71
       54.02     0.999997      1490962    327680.00
       54.02     0.999997      1490962    349525.33
       54.78     0.999997      1490963    374491.43
       54.78     0.999998      1490963    403298.46
       54.78     0.999998      1490963    436906.67
       54.78     0.999998      1490963    476625.45
       58.37     0.999998      1490964    524288.00
       58.37     0.999998      1490964    551882.11
       58.37     0.999998      1490964    582542.22
       58.37     0.999998      1490964    616809.41
       58.37     0.999998      1490964    655360.00
       58.37     0.999999      1490964    699050.67
       58.88     0.999999      1490965    748982.86
       58.88     0.999999      1490965    806596.92
       58.88     0.999999      1490965    873813.33
       58.88     0.999999      1490965    953250.91
       58.88     0.999999      1490965   1048576.00
       58.88     0.999999      1490965   1103764.21
       58.88     0.999999      1490965   1165084.44
       58.88     0.999999      1490965   1233618.82
       58.88     0.999999      1490965   1310720.00
       58.88     0.999999      1490965   1398101.33
       59.65     0.999999      1490966   1497965.71
       59.65     1.000000      1490966          inf
#[Mean    =        7.323, StdDeviation   =        4.099]
#[Max     =       59.647, Total count    =      1490966]
#[Buckets =           10, SubBuckets     =          256]
