       Value   Percentile   TotalCount 1/(1-Percentile)

        0.34     0.000000            1         1.00
        2.21     0.050000       841553         1.05
        2.67     0.100000      1653818         1.11
        3.13     0.150000      2472487         1.18
        3.65     0.200000      3280443         1.25
        4.09     0.250000      4121816         1.33
        4.64     0.300000      4955706         1.43
        5.09     0.350000      5763771         1.54
        5.63     0.400000      6571005         1.67
        6.21     0.450000      7411972         1.82
        6.75     0.500000      8233874         2.00
        7.01     0.525000      8632669         2.11
        7.26     0.550000      9036258         2.22
        7.52     0.575000      9434176         2.35
        7.81     0.600000      9871694         2.50
        8.03     0.625000     10307667         2.67
        8.19     0.650000     10733539         2.86
        8.38     0.675000     11137240         3.08
        8.64     0.700000     11513040         3.33
        9.02     0.725000     11944918         3.64
        9.54     0.750000     12309813         4.00
        9.86     0.762500     12555314         4.21
       10.11     0.775000     12758530         4.44
       10.37     0.787500     12956827         4.71
       10.62     0.800000     13147798         5.00
       10.88     0.812500     13343776         5.33
       11.13     0.825000     13547062         5.71
       11.39     0.837500     13751601         6.15
       11.65     0.850000     13948419         6.67
       11.97     0.862500     14174395         7.27
       12.29     0.875000     14386124         8.00
       12.41     0.881250     14468720         8.42
       12.61     0.887500     14588525         8.89
       12.73     0.893750     14664744         9.41
       12.93     0.900000     14778428        10.00
       13.12     0.906250     14893771        10.67
       13.31     0.912500     14986840        11.43
       13.50     0.918750     15073747        12.31
       13.76     0.925000     15185016        13.33
       14.02     0.931250     15291499        14.55
       14.27     0.937500     15389669        16.00
       14.40     0.940625     15435224        16.84
       14.53     0.943750     15478247        17.78
       14.72     0.946875     15537859        18.82
       14.91     0.950000     15592783        20.00
       15.10     0.953125     15643294        21.33
       15.29     0.956250     15690192        22.86
       15.49     0.959375     15733625        24.62
       15.74     0.962500     15786869        26.67
       16.00     0.965625     15836371        29.09
       16.32     0.968750     15895646        32.00
       16.51     0.970313     15928804        33.68
       16.64     0.971875     15950212        35.56
       16.77     0.973437     15970548        37.65
       16.89     0.975000     15989879        40.00
       17.15     0.976562     16025667        42.67
       17.28     0.978125     16040979        45.71
       17.54     0.979688     16067957        49.23
       17.92     0.981250     16101909        53.33
       18.18     0.982812     16121276        58.18
       18.56     0.984375     16147753        64.00
       18.82     0.985156     16164218        67.37
       18.94     0.985938     16172247        71.11
       19.20     0.986719     16187732        75.29
       19.33     0.987500     16195551        80.00
       19.58     0.988281     16211613        85.33
       19.84     0.989062     16227580        91.43
       19.97     0.989844     16235703        98.46
       20.22     0.990625     16251522       106.67
       20.35     0.991406     16259099       116.36
       20.61     0.992188     16273519       128.00
       20.73     0.992578     16280609       134.74
       20.86     0.992969     16287540       142.22
       20.99     0.993359     16294963       150.59
       21.12     0.993750     16301766       160.00
       21.25     0.994141     16308339       170.67
       21.38     0.994531     16314614       182.86
       21.50     0.994922     16320706       196.92
       21.63     0.995313     16326499       213.33
       21.76     0.995703     16331822       232.73
       21.89     0.996094     16336887       256.00
       22.02     0.996289     16341377       269.47
       22.14     0.996484     16345573       284.44
       22.14     0.996680     16345573       301.18
       22.27     0.996875     16349598       320.00
       22.40     0.997070     16353159       341.33
       22.53     0.997266     16356554       365.71
       22.66     0.997461     16359738       393.85
       22.78     0.997656     16362753       426.67
       22.91     0.997852     16365513       465.45
       23.04     0.998047     16368096       512.00
       23.17     0.998145     16370189       538.95
       23.30     0.998242     16372160       568.89
       23.42     0.998340     16373947       602.35
       23.55     0.998437     16375544       640.00
       23.68     0.998535     16376971       682.67
       23.81     0.998633     16378306       731.43
       23.93     0.998730     16379511       787.69
       24.06     0.998828     16380613       853.33
       24.32     0.998926     16382475       930.91
       24.57     0.999023     16384073      1024.00
       24.70     0.999072     16384754      1077.89
       24.83     0.999121     16385299      1137.78
       25.09     0.999170     16386295      1204.71
       25.34     0.999219     16387117      1280.00
       25.60     0.999268     16387794      1365.33
       25.86     0.999316     16388439      1462.86
       26.37     0.999365     16389275      1575.38
       27.01     0.999414     16389996      1706.67
       28.16     0.999463     16390799      1861.82
       29.70     0.999512     16391630      2048.00
       30.21     0.999536     16392035      2155.79
       30.59     0.999561     16392532      2275.56
       30.85     0.999585     16393003      2409.41
       30.98     0.999609     16393200      2560.00
       31.23     0.999634     16393618      2730.67
       31.61     0.999658     16394037      2925.71
       32.13     0.999683     16394428      3150.77
       33.28     0.999707     16394842      3413.33
       34.81     0.999731     16395175      3723.64
       36.61     0.999756     16395691      4096.00
       36.86     0.999768     16395818      4311.58
       37.12     0.999780     16396130      4551.11
       37.38     0.999792     16396296      4818.82
       37.63     0.999805     16396484      5120.00
       37.89     0.999817     16396652      5461.33
       38.14     0.999829     16396824      5851.43
       38.40     0.999841     16397009      6301.54
       38.66     0.999854     16397197      6826.67
       38.91     0.999866     16397377      7447.27
       39.42     0.999878     16397773      8192.00
       39.42     0.999884     16397773      8623.16
       39.42     0.999890     16397773      9102.22
       39.68     0.999896     16397972      9637.65
       39.68     0.999902     16397972     10240.00
       39.94     0.999908     16398158     10922.67
       40.19     0.999915     16398315     11702.86
       40.19     0.999921     16398315     12603.08
       40.45     0.999927     16398418     13653.33
       40.70     0.999933     16398503     14894.55
       40.96     0.999939     16398580     16384.00
       41.22     0.999942     16398646     17246.32
       41.47     0.999945     16398691     18204.44
       41.73     0.999948     16398738     19275.29
       42.24     0.999951     16398782     20480.00
       43.01     0.999954     16398832     21845.33
       43.52     0.999957     16398877     23405.71
       43.77     0.999960     16398938     25206.15
       44.03     0.999963     16398975     27306.67
       44.54     0.999966     16399040     29789.09
       45.05     0.999969     16399101     32768.00
       45.05     0.999971     16399101     34492.63
       45.57     0.999973     16399143     36408.89
       45.82     0.999974     16399157     38550.59
       46.08     0.999976     16399173     40960.00
       46.59     0.999977     16399199     43690.67
       47.10     0.999979     16399223     46811.43
       47.62     0.999980     16399259     50412.31
       47.87     0.999982     16399278     54613.33
       48.13     0.999983     16399304     59578.18
       48.38     0.999985     16399335     65536.00
       48.64     0.999986     16399361     68985.26
       48.64     0.999986     16399361     72817.78
       48.64     0.999987     16399361     77101.18
       48.90     0.999988     16399393     81920.00
       48.90     0.999989     16399393     87381.33
       49.15     0.999989     16399411     93622.86
       49.15     0.999990     16399411    100824.62
       49.41     0.999991     16399430    109226.67
       49.66     0.999992     16399436    119156.36
       50.17     0.999992     16399448    131072.00
       50.43     0.999993     16399461    137970.53
       50.43     0.999993     16399461    145635.56
       50.69     0.999994     16399468    154202.35
       50.94     0.999994     16399476    163840.00
       51.20     0.999994     16399480    174762.67
       51.71     0.999995     16399488    187245.71
       51.97     0.999995     16399494    201649.23
       52.22     0.999995     16399498    218453.33
       52.99     0.999996     16399511    238312.73
       52.99     0.999996     16399511    262144.00
       53.25     0.999996     16399517    275941.05
       53.25     0.999997     16399517    291271.11
       53.50     0.999997     16399522    308404.71
       53.76     0.999997     16399524    327680.00
       54.27     0.999997     16399527    349525.33
       54.78     0.999997     16399531    374491.43
       55.04     0.999998     16399533    403298.46
       55.55     0.999998     16399538    436906.67
       55.81     0.999998     16399540    476625.45
       56.06     0.999998     16399543    524288.00
       56.32     0.999998     16399544    551882.11
       56.58     0.999998     16399546    582542.22
       57.09     0.999998     16399549    616809.41
       57.09     0.999998     16399549    655360.00
       58.11     0.999999     16399550    699050.67
       58.37     0.999999     16399552    748982.86
       58.88     0.999999     16399554    806596.92
       59.13     0.999999     16399558    873813.33
       59.13     0.999999     16399558    953250.91
       59.13     0.999999     16399558   1048576.00
       59.39     0.999999     16399559   1103764.21
       59.39     0.999999     16399559   1165084.44
       59.65     0.999999     16399563   1233618.82
       59.65     0.999999     16399563   1310720.00
       59.65     0.999999     16399563   1398101.33
       59.65     0.999999     16399563   1497965.71
       59.65     0.999999     16399563   1613193.85
       59.90     0.999999     16399566   1747626.67
       59.90     0.999999     16399566   1906501.82
       59.90     1.000000     16399566   2097152.00
       59.90     1.000000     16399566   2207528.42
       59.90     1.000000     16399566   2330168.89
       60.16     1.000000     16399567   2467237.65
       60.16     1.000000     16399567   2621440.00
       60.41     1.000000     16399568   2796202.67
       60.41     1.000000     16399568   2995931.43
       60.41     1.000000     16399568   3226387.69
       60.67     1.000000     16399569   3495253.33
       60.67     1.000000     16399569   3813003.64
       61.44     1.000000     16399570   4194304.00
       61.44     1.000000     16399570   4415056.84
       61.44     1.000000     16399570   4660337.78
       61.44     1.000000     16399570   4934475.29
       61.44     1.000000     16399570   5242880.00
       62.72     1.000000     16399571   5592405.33
       62.72     1.000000     16399571   5991862.86
       62.72     1.000000     16399571   6452775.39
       62.72     1.000000     16399571   6990506.67
       62.72     1.000000     16399571   7626007.28
       62.98     1.000000     16399572   8388608.00
       62.98     1.000000     16399572   8830113.68
       62.98     1.000000     16399572   9320675.55
       62.98     1.000000     16399572   9868950.59
       62.98     1.000000     16399572  10485760.00
       62.98     1.000000     16399572  11184810.67
       62.98     1.000000     16399572  11983725.71
       62.98     1.000000     16399572  12905550.76
       62.98     1.000000     16399572  13981013.34
       62.98     1.000000     16399572  15252014.55
       64.25     1.000000     16399573  16777216.00
       64.25     1.000000     16399573          inf
#[Mean    =        7.313, StdDeviation   =        4.093]
#[Max     =       64.255, Total count    =     16399573]
#[Buckets =           10, SubBuckets     =          256]
