       Value   Percentile   TotalCount 1/(1-Percentile)

        0.21     0.000000            1         1.00
        2.53     0.050000       183193         1.05
        2.56     0.100000       332175         1.11
        2.59     0.150000       528396         1.18
        2.61     0.200000       636883         1.25
        2.62     0.250000       747075         1.33
        2.65     0.300000       964042         1.43
        2.67     0.350000      1068474         1.54
        2.70     0.400000      1270695         1.67
        2.72     0.450000      1371617         1.82
        2.73     0.500000      1474228         2.00
        2.75     0.525000      1578480         2.11
        2.77     0.550000      1684463         2.22
        2.78     0.575000      1790464         2.35
        2.78     0.600000      1790464         2.50
        2.80     0.625000      1895251         2.67
        2.81     0.650000      1995050         2.86
        2.81     0.675000      1995050         3.08
        2.83     0.700000      2089078         3.33
        2.85     0.725000      2173934         3.64
        2.86     0.750000      2249268         4.00
        2.86     0.762500      2249268         4.21
        2.88     0.775000      2313987         4.44
        2.90     0.787500      2368247         4.71
        2.90     0.800000      2368247         5.00
        2.91     0.812500      2412176         5.33
        2.93     0.825000      2446997         5.71
        2.94     0.837500      2473637         6.15
        2.98     0.850000      2508701         6.67
        3.07     0.862500      2540597         7.27
        5.21     0.875000      2579753         8.00
        5.41     0.881250      2596698         8.42
        5.60     0.887500      2615328         8.89
        6.05     0.893750      2632123         9.41
       10.94     0.900000      2652671        10.00
       11.20     0.906250      2672457        10.67
       11.33     0.912500      2689321        11.43
       11.46     0.918750      2711484        12.31
       11.52     0.925000      2724126        13.33
       11.65     0.931250      2752048        14.55
       11.71     0.937500      2767003        16.00
       11.78     0.940625      2782130        16.84
       11.78     0.943750      2782130        17.78
       11.84     0.946875      2797333        18.82
       11.90     0.950000      2812041        20.00
       11.90     0.953125      2812041        21.33
       11.97     0.956250      2826493        22.86
       11.97     0.959375      2826493        24.62
       12.03     0.962500      2840314        26.67
       12.10     0.965625      2852858        29.09
       12.16     0.968750      2864861        32.00
       12.16     0.970313      2864861        33.68
       12.16     0.971875      2864861        35.56
       12.22     0.973437      2875796        37.65
       12.22     0.975000      2875796        40.00
       12.29     0.976562      2885592        42.67
       12.29     0.978125      2885592        45.71
       12.29     0.979688      2885592        49.23
       12.35     0.981250      2894212        53.33
       12.41     0.982812      2901906        58.18
       12.41     0.984375      2901906        64.00
       12.41     0.985156      2901906        67.37
       12.48     0.985938      2908615        71.11
       12.48     0.986719      2908615        75.29
       12.48     0.987500      2908615        80.00
       12.54     0.988281      2914452        85.33
       12.54     0.989062      2914452        91.43
       12.61     0.989844      2919239        98.46
       12.61     0.990625      2919239       106.67
       12.67     0.991406      2923449       116.36
       12.67     0.992188      2923449       128.00
       12.67     0.992578      2923449       134.74
       12.73     0.992969      2926952       142.22
       12.73     0.993359      2926952       150.59
       12.73     0.993750      2926952       160.00
       12.80     0.994141      2929852       170.67
       12.80     0.994531      2929852       182.86
       12.86     0.994922      2932125       196.92
       12.86     0.995313      2932125       213.33
       12.93     0.995703      2933985       232.73
       12.93     0.996094      2933985       256.00
       12.99     0.996289      2935517       269.47
       12.99     0.996484      2935517       284.44
       12.99     0.996680      2935517       301.18
       13.05     0.996875      2936758       320.00
       13.05     0.997070      2936758       341.33
       13.12     0.997266      2937849       365.71
       13.12     0.997461      2937849       393.85
       13.18     0.997656      2938689       426.67
       13.18     0.997852      2938689       465.45
       13.25     0.998047      2939384       512.00
       13.31     0.998145      2939944       538.95
       13.31     0.998242      2939944       568.89
       13.38     0.998340      2940402       602.35
       13.38     0.998437      2940402       640.00
       13.44     0.998535      2940746       682.67
       13.50     0.998633      2941024       731.43
       13.57     0.998730      2941245       787.69
       13.70     0.998828      2941580       853.33
       13.82     0.998926      2941815       930.91
       14.14     0.999023      2942117      1024.00
       14.27     0.999072      2942224      1077.89
       14.53     0.999121      2942362      1137.78
       14.91     0.999170      2942519      1204.71
       15.36     0.999219      2942664      1280.00
       15.87     0.999268      2942791      1365.33
       16.64     0.999316      2942934      1462.86
       17.54     0.999365      2943080      1575.38
       18.43     0.999414      2943226      1706.67
       19.07     0.999463      2943367      1861.82
       19.84     0.999512      2943532      2048.00
       20.22     0.999536      2943597      2155.79
       20.61     0.999561      2943660      2275.56
       20.99     0.999585      2943722      2409.41
       21.50     0.999609      2943803      2560.00
       21.89     0.999634      2943882      2730.67
       22.14     0.999658      2943940      2925.71
       22.40     0.999683      2944036      3150.77
       22.53     0.999707      2944085      3413.33
       22.78     0.999731      2944198      3723.64
       22.91     0.999756      2944268      4096.00
       22.91     0.999768      2944268      4311.58
       23.04     0.999780      2944321      4551.11
       23.17     0.999792      2944386      4818.82
       23.17     0.999805      2944386      5120.00
       23.30     0.999817      2944444      5461.33
       23.30     0.999829      2944444      5851.43
       23.42     0.999841      2944516      6301.54
       23.42     0.999854      2944516      6826.67
       23.55     0.999866      2944574      7447.27
       23.68     0.999878      2944629      8192.00
       23.68     0.999884      2944629      8623.16
       23.68     0.999890      2944629      9102.22
       23.81     0.999896      2944665      9637.65
       23.81     0.999902      2944665     10240.00
       23.93     0.999908      2944701     10922.67
       23.93     0.999915      2944701     11702.86
       24.06     0.999921      2944735     12603.08
       24.06     0.999927      2944735     13653.33
       24.19     0.999933      2944758     14894.55
       24.32     0.999939      2944786     16384.00
       24.32     0.999942      2944786     17246.32
       24.32     0.999945      2944786     18204.44
       24.45     0.999948      2944806     19275.29
       24.45     0.999951      2944806     20480.00
       24.57     0.999954      2944825     21845.33
       24.57     0.999957      2944825     23405.71
       24.57     0.999960      2944825     25206.15
       24.70     0.999963      2944843     27306.67
       24.70     0.999966      2944843     29789.09
       24.83     0.999969      2944856     32768.00
       24.83     0.999971      2944856     34492.63
       24.96     0.999973      2944864     36408.89
       25.09     0.999974      2944870     38550.59
       25.09     0.999976      2944870     40960.00
       25.21     0.999977      2944876     43690.67
       25.47     0.999979      2944880     46811.43
       25.60     0.999980      2944885     50412.31
       25.98     0.999982      2944890     54613.33
       26.37     0.999983      2944894     59578.18
       26.62     0.999985      2944897     65536.00
       27.01     0.999986      2944899     68985.26
       27.14     0.999986      2944903     72817.78
       27.14     0.999987      2944903     77101.18
       28.03     0.999988      2944906     81920.00
       28.41     0.999989      2944908     87381.33
       29.05     0.999989      2944910     93622.86
       29.70     0.999990      2944912    100824.62
       31.36     0.999991      2944915    109226.67
       31.74     0.999992      2944917    119156.36
       37.38     0.999992      2944919    131072.00
       44.80     0.999993      2944920    137970.53
       45.05     0.999993      2944921    145635.56
       45.31     0.999994      2944922    154202.35
       45.82     0.999994      2944924    163840.00
       46.08     0.999994      2944925    174762.67
       46.34     0.999995      2944926    187245.71
       46.59     0.999995      2944927    201649.23
       46.85     0.999995      2944928    218453.33
       47.36     0.999996      2944929    238312.73
       47.62     0.999996      2944930    262144.00
       47.87     0.999996      2944931    275941.05
       47.87     0.999997      2944931    291271.11
       48.13     0.999997      2944932    308404.71
       48.38     0.999997      2944933    327680.00
       48.38     0.999997      2944933    349525.33
       48.64     0.999997      2944935    374491.43
       48.64     0.999998      2944935    403298.46
       48.64     0.999998      2944935    436906.67
       48.64     0.999998      2944935    476625.45
       48.90     0.999998      2944936    524288.00
       48.90     0.999998      2944936    551882.11
       48.90     0.999998      2944936    582542.22
       49.15     0.999998      2944938    616809.41
       49.15     0.999998      2944938    655360.00
       49.15     0.999999      2944938    699050.67
       49.15     0.999999      2944938    748982.86
       49.15     0.999999      2944938    806596.92
       49.15     0.999999      2944938    873813.33
       49.15     0.999999      2944938    953250.91
       49.66     0.999999      2944939   1048576.00
       49.66     0.999999      2944939   1103764.21
       49.66     0.999999      2944939   1165084.44
       49.66     0.999999      2944939   1233618.82
       49.66     0.999999      2944939   1310720.00
       49.66     0.999999      2944939   1398101.33
       49.92     0.999999      2944940   1497965.71
       49.92     0.999999      2944940   1613193.85
       49.92     0.999999      2944940   1747626.67
       49.92     0.999999      2944940   1906501.82
       49.92     1.000000      2944940   2097152.00
       49.92     1.000000      2944940   2207528.42
       49.92     1.000000      2944940   2330168.89
       49.92     1.000000      2944940   2467237.65
       49.92     1.000000      2944940   2621440.00
       49.92     1.000000      2944940   2796202.67
       50.17     1.000000      2944941   2995931.43
       50.17     1.000000      2944941          inf
#[Mean    =        3.740, StdDeviation   =        2.841]
#[Max     =       50.175, Total count    =      2944941]
#[Buckets =           10, SubBuckets     =          256]
