       Value   Percentile   TotalCount 1/(1-Percentile)

        0.13     0.000000            1         1.00
        2.50     0.050000      1739588         1.05
        2.53     0.100000      3239876         1.11
        2.56     0.150000      5296514         1.18
        2.59     0.200000      7679198         1.25
        2.61     0.250000      8903252         1.33
        2.62     0.300000     10112046         1.43
        2.65     0.350000     12456988         1.54
        2.67     0.400000     13599618         1.67
        2.69     0.450000     14738593         1.82
        2.72     0.500000     17054235         2.00
        2.72     0.525000     17054235         2.11
        2.73     0.550000     18230000         2.22
        2.75     0.575000     19403853         2.35
        2.77     0.600000     20563013         2.50
        2.77     0.625000     20563013         2.67
        2.78     0.650000     21680920         2.86
        2.80     0.675000     22738014         3.08
        2.80     0.700000     22738014         3.33
        2.81     0.725000     23706967         3.64
        2.83     0.750000     24568018         4.00
        2.85     0.762500     25311848         4.21
        2.85     0.775000     25311848         4.44
        2.86     0.787500     25941872         4.71
        2.86     0.800000     25941872         5.00
        2.88     0.812500     26458235         5.33
        2.90     0.825000     26870636         5.71
        2.91     0.837500     27189130         6.15
        2.94     0.850000     27611840         6.67
        3.01     0.862500     27943238         7.27
        5.15     0.875000     28349069         8.00
        5.34     0.881250     28550022         8.42
        5.57     0.887500     28764112         8.89
        5.95     0.893750     28951560         9.41
       10.81     0.900000     29160649        10.00
       11.13     0.906250     29431463        10.67
       11.26     0.912500     29628581        11.43
       11.39     0.918750     29879775        12.31
       11.46     0.925000     30023389        13.33
       11.52     0.931250     30175721        14.55
       11.65     0.937500     30501984        16.00
       11.65     0.940625     30501984        16.84
       11.71     0.943750     30669762        17.78
       11.78     0.946875     30835702        18.82
       11.78     0.950000     30835702        20.00
       11.84     0.953125     30997728        21.33
       11.84     0.956250     30997728        22.86
       11.90     0.959375     31153358        24.62
       11.97     0.962500     31300559        26.67
       11.97     0.965625     31300559        29.09
       12.03     0.968750     31440354        32.00
       12.03     0.970313     31440354        33.68
       12.10     0.971875     31566420        35.56
       12.10     0.973437     31566420        37.65
       12.16     0.975000     31681649        40.00
       12.16     0.976562     31681649        42.67
       12.22     0.978125     31784378        45.71
       12.22     0.979688     31784378        49.23
       12.29     0.981250     31875783        53.33
       12.29     0.982812     31875783        58.18
       12.35     0.984375     31955794        64.00
       12.35     0.985156     31955794        67.37
       12.35     0.985938     31955794        71.11
       12.41     0.986719     32025238        75.29
       12.41     0.987500     32025238        80.00
       12.41     0.988281     32025238        85.33
       12.48     0.989062     32084804        91.43
       12.48     0.989844     32084804        98.46
       12.54     0.990625     32134994       106.67
       12.54     0.991406     32134994       116.36
       12.61     0.992188     32177130       128.00
       12.61     0.992578     32177130       134.74
       12.61     0.992969     32177130       142.22
       12.67     0.993359     32212784       150.59
       12.67     0.993750     32212784       160.00
       12.67     0.994141     32212784       170.67
       12.73     0.994531     32242043       182.86
       12.73     0.994922     32242043       196.92
       12.73     0.995313     32242043       213.33
       12.80     0.995703     32266126       232.73
       12.86     0.996094     32285409       256.00
       12.86     0.996289     32285409       269.47
       12.86     0.996484     32285409       284.44
       12.93     0.996680     32301000       301.18
       12.93     0.996875     32301000       320.00
       12.93     0.997070     32301000       341.33
       12.99     0.997266     32313586       365.71
       12.99     0.997461     32313586       393.85
       13.05     0.997656     32323878       426.67
       13.05     0.997852     32323878       465.45
       13.12     0.998047     32332292       512.00
       13.18     0.998145     32339114       538.95
       13.18     0.998242     32339114       568.89
       13.25     0.998340     32344621       602.35
       13.25     0.998437     32344621       640.00
       13.31     0.998535     32348860       682.67
       13.38     0.998633     32352337       731.43
       13.38     0.998730     32352337       787.69
       13.50     0.998828     32357327       853.33
       13.57     0.998926     32359079       930.91
       13.70     0.999023     32361859      1024.00
       13.82     0.999072     32363702      1077.89
       13.95     0.999121     32364940      1137.78
       14.21     0.999170     32366729      1204.71
       14.53     0.999219     32368259      1280.00
       14.91     0.999268     32369601      1365.33
       15.55     0.999316     32371192      1462.86
       16.51     0.999365     32372945      1575.38
       17.54     0.999414     32374512      1706.67
       18.43     0.999463     32375957      1861.82
       19.20     0.999512     32377571      2048.00
       19.58     0.999536     32378426      2155.79
       19.97     0.999561     32379257      2275.56
       20.35     0.999585     32380021      2409.41
       20.73     0.999609     32380665      2560.00
       21.25     0.999634     32381509      2730.67
       21.76     0.999658     32382380      2925.71
       22.14     0.999683     32383360      3150.77
       22.40     0.999707     32384280      3413.33
       22.53     0.999731     32384811      3723.64
       22.78     0.999756     32386027      4096.00
       22.78     0.999768     32386027      4311.58
       22.91     0.999780     32386700      4551.11
       22.91     0.999792     32386700      4818.82
       23.04     0.999805     32387396      5120.00
       23.04     0.999817     32387396      5461.33
       23.17     0.999829     32388072      5851.43
       23.30     0.999841     32388735      6301.54
       23.30     0.999854     32388735      6826.67
       23.42     0.999866     32389377      7447.27
       23.42     0.999878     32389377      8192.00
       23.55     0.999884     32389958      8623.16
       23.55     0.999890     32389958      9102.22
       23.55     0.999896     32389958      9637.65
       23.68     0.999902     32390487     10240.00
       23.68     0.999908     32390487     10922.67
       23.81     0.999915     32390913     11702.86
       23.81     0.999921     32390913     12603.08
       23.93     0.999927     32391315     13653.33
       23.93     0.999933     32391315     14894.55
       24.06     0.999939     32391680     16384.00
       24.06     0.999942     32391680     17246.32
       24.06     0.999945     32391680     18204.44
       24.06     0.999948     32391680     19275.29
       24.19     0.999951     32391941     20480.00
       24.19     0.999954     32391941     21845.33
       24.19     0.999957     32391941     23405.71
       24.32     0.999960     32392156     25206.15
       24.32     0.999963     32392156     27306.67
       24.45     0.999966     32392316     29789.09
       24.57     0.999969     32392464     32768.00
       24.57     0.999971     32392464     34492.63
       24.57     0.999973     32392464     36408.89
       24.70     0.999974     32392601     38550.59
       24.70     0.999976     32392601     40960.00
       24.70     0.999977     32392601     43690.67
       24.83     0.999979     32392716     46811.43
       24.83     0.999980     32392716     50412.31
       24.96     0.999982     32392798     54613.33
       24.96     0.999983     32392798     59578.18
       25.09     0.999985     32392861     65536.00
       25.09     0.999986     32392861     68985.26
       25.21     0.999986     32392918     72817.78
       25.21     0.999987     32392918     77101.18
       25.21     0.999988     32392918     81920.00
       25.34     0.999989     32392971     87381.33
       25.34     0.999989     32392971     93622.86
       25.47     0.999990     32393003    100824.62
       25.60     0.999991     32393042    109226.67
       25.60     0.999992     32393042    119156.36
       25.73     0.999992     32393071    131072.00
       25.86     0.999993     32393101    137970.53
       25.86     0.999993     32393101    145635.56
       25.98     0.999994     32393121    154202.35
       25.98     0.999994     32393121    163840.00
       26.11     0.999994     32393134    174762.67
       26.24     0.999995     32393155    187245.71
       26.24     0.999995     32393155    201649.23
       26.37     0.999995     32393173    218453.33
       26.50     0.999996     32393184    238312.73
       26.62     0.999996     32393197    262144.00
       26.62     0.999996     32393197    275941.05
       26.75     0.999997     32393204    291271.11
       26.88     0.999997     32393210    308404.71
       27.01     0.999997     32393219    327680.00
       27.14     0.999997     32393223    349525.33
       27.39     0.999997     32393227    374491.43
       27.77     0.999998     32393233    403298.46
       28.16     0.999998     32393239    436906.67
       28.80     0.999998     32393247    476625.45
       29.44     0.999998     32393252    524288.00
       30.08     0.999998     32393256    551882.11
       30.59     0.999998     32393258    582542.22
       31.10     0.999998     32393261    616809.41
       31.36     0.999998     32393264    655360.00
       32.00     0.999999     32393267    699050.67
       35.07     0.999999     32393270    748982.86
       35.58     0.999999     32393273    806596.92
       36.09     0.999999     32393276    873813.33
       37.38     0.999999     32393280    953250.91
       37.89     0.999999     32393283   1048576.00
       38.14     0.999999     32393285   1103764.21
       38.66     0.999999     32393286   1165084.44
       39.17     0.999999     32393288   1233618.82
       39.42     0.999999     32393290   1310720.00
       39.42     0.999999     32393290   1398101.33
       44.80     0.999999     32393292   1497965.71
       45.05     0.999999     32393293   1613193.85
       45.57     0.999999     32393295   1747626.67
       46.08     0.999999     32393297   1906501.82
       46.34     1.000000     32393298   2097152.00
       46.59     1.000000     32393299   2207528.42
       46.85     1.000000     32393300   2330168.89
       46.85     1.000000     32393300   2467237.65
       47.36     1.000000     32393301   2621440.00
       47.62     1.000000     32393302   2796202.67
       47.87     1.000000     32393303   2995931.43
       47.87     1.000000     32393303   3226387.69
       48.13     1.000000     32393304   3495253.33
       48.38     1.000000     32393305   3813003.64
       48.64     1.000000     32393307   4194304.00
       48.64     1.000000     32393307   4415056.84
       48.64     1.000000     32393307   4660337.78
       48.64     1.000000     32393307   4934475.29
       48.64     1.000000     32393307   5242880.00
       48.90     1.000000     32393308   5592405.33
       48.90     1.000000     32393308   5991862.86
       48.90     1.000000     32393308   6452775.39
       49.15     1.000000     32393310   6990506.67
       49.15     1.000000     32393310   7626007.28
       49.15     1.000000     32393310   8388608.00
       49.15     1.000000     32393310   8830113.68
       49.15     1.000000     32393310   9320675.55
       49.15     1.000000     32393310   9868950.59
       49.15     1.000000     32393310  10485760.00
       49.66     1.000000     32393311  11184810.67
       49.66     1.000000     32393311  11983725.71
       49.66     1.000000     32393311  12905550.76
       49.66     1.000000     32393311  13981013.34
       49.66     1.000000     32393311  15252014.55
       49.92     1.000000     32393312  16777216.00
       49.92     1.000000     32393312  17660227.38
       49.92     1.000000     32393312  18641351.10
       49.92     1.000000     32393312  19737901.19
       49.92     1.000000     32393312  20971519.98
       49.92     1.000000     32393312  22369621.33
       49.92     1.000000     32393312  23967451.45
       49.92     1.000000     32393312  25811101.52
       49.92     1.000000     32393312  27962026.68
       49.92     1.000000     32393312  30504029.05
       50.17     1.000000     32393313  33554432.00
       50.17     1.000000     32393313          inf
#[Mean    =        3.703, StdDeviation   =        2.816]
#[Max     =       50.175, Total count    =     32393313]
#[Buckets =           10, SubBuckets     =          256]
