       Value   Percentile   TotalCount 1/(1-Percentile)

        0.13     0.000000            1         1.00
        2.50     0.050000      1649673         1.05
        2.53     0.100000      3056683         1.11
        2.56     0.150000      4964339         1.18
        2.58     0.200000      6040231         1.25
        2.61     0.250000      8266369         1.33
        2.62     0.300000      9364971         1.43
        2.64     0.350000     10440664         1.54
        2.67     0.400000     12531144         1.67
        2.69     0.450000     13568816         1.82
        2.72     0.500000     15682618         2.00
        2.72     0.525000     15682618         2.11
        2.73     0.550000     16755772         2.22
        2.75     0.575000     17825373         2.35
        2.75     0.600000     17825373         2.50
        2.77     0.625000     18878550         2.67
        2.78     0.650000     19890456         2.86
        2.78     0.675000     19890456         3.08
        2.80     0.700000     20842763         3.33
        2.81     0.725000     21711917         3.64
        2.83     0.750000     22478940         4.00
        2.83     0.762500     22478940         4.21
        2.85     0.775000     23137914         4.44
        2.86     0.787500     23692604         4.71
        2.86     0.800000     23692604         5.00
        2.88     0.812500     24144248         5.33
        2.90     0.825000     24502389         5.71
        2.91     0.837500     24776954         6.15
        2.94     0.850000     25138203         6.67
        3.01     0.862500     25416228         7.27
        5.15     0.875000     25777214         8.00
        5.34     0.881250     25957684         8.42
        5.57     0.887500     26152313         8.89
        5.95     0.893750     26319857         9.41
       10.81     0.900000     26512658        10.00
       11.07     0.906250     26693568        10.67
       11.26     0.912500     26948428        11.43
       11.33     0.918750     27058541        12.31
       11.46     0.925000     27311905        13.33
       11.52     0.931250     27451595        14.55
       11.65     0.937500     27749936        16.00
       11.65     0.940625     27749936        16.84
       11.71     0.943750     27902759        17.78
       11.71     0.946875     27902759        18.82
       11.78     0.950000     28053572        20.00
       11.84     0.953125     28200395        21.33
       11.84     0.956250     28200395        22.86
       11.90     0.959375     28341317        24.62
       11.97     0.962500     28474066        26.67
       11.97     0.965625     28474066        29.09
       12.03     0.968750     28600040        32.00
       12.03     0.970313     28600040        33.68
       12.10     0.971875     28713562        35.56
       12.10     0.973437     28713562        37.65
       12.10     0.975000     28713562        40.00
       12.16     0.976562     28816788        42.67
       12.16     0.978125     28816788        45.71
       12.22     0.979688     28908582        49.23
       12.22     0.981250     28908582        53.33
       12.29     0.982812     28990191        58.18
       12.29     0.984375     28990191        64.00
       12.35     0.985156     29061582        67.37
       12.35     0.985938     29061582        71.11
       12.35     0.986719     29061582        75.29
       12.41     0.987500     29123332        80.00
       12.41     0.988281     29123332        85.33
       12.48     0.989062     29176189        91.43
       12.48     0.989844     29176189        98.46
       12.48     0.990625     29176189       106.67
       12.54     0.991406     29220542       116.36
       12.54     0.992188     29220542       128.00
       12.61     0.992578     29257891       134.74
       12.61     0.992969     29257891       142.22
       12.61     0.993359     29257891       150.59
       12.67     0.993750     29289335       160.00
       12.67     0.994141     29289335       170.67
       12.67     0.994531     29289335       182.86
       12.73     0.994922     29315091       196.92
       12.73     0.995313     29315091       213.33
       12.80     0.995703     29336274       232.73
       12.80     0.996094     29336274       256.00
       12.86     0.996289     29353284       269.47
       12.86     0.996484     29353284       284.44
       12.86     0.996680     29353284       301.18
       12.93     0.996875     29367015       320.00
       12.93     0.997070     29367015       341.33
       12.99     0.997266     29378069       365.71
       12.99     0.997461     29378069       393.85
       13.05     0.997656     29387120       426.67
       13.05     0.997852     29387120       465.45
       13.12     0.998047     29394443       512.00
       13.12     0.998145     29394443       538.95
       13.18     0.998242     29400425       568.89
       13.18     0.998340     29400425       602.35
       13.25     0.998437     29405237       640.00
       13.25     0.998535     29405237       682.67
       13.31     0.998633     29408916       731.43
       13.38     0.998730     29411935       787.69
       13.44     0.998828     29414334       853.33
       13.57     0.998926     29417834       930.91
       13.70     0.999023     29420279      1024.00
       13.76     0.999072     29421171      1077.89
       13.95     0.999121     29422982      1137.78
       14.14     0.999170     29424187      1204.71
       14.40     0.999219     29425399      1280.00
       14.85     0.999268     29426877      1365.33
       15.49     0.999316     29428364      1462.86
       16.25     0.999365     29429683      1575.38
       17.41     0.999414     29431249      1706.67
       18.43     0.999463     29432731      1861.82
       19.20     0.999512     29434186      2048.00
       19.45     0.999536     29434717      2155.79
       19.84     0.999561     29435468      2275.56
       20.22     0.999585     29436177      2409.41
       20.73     0.999609     29436986      2560.00
       21.25     0.999634     29437747      2730.67
       21.63     0.999658     29438321      2925.71
       22.02     0.999683     29439066      3150.77
       22.27     0.999707     29439803      3413.33
       22.53     0.999731     29440726      3723.64
       22.66     0.999756     29441258      4096.00
       22.78     0.999768     29441829      4311.58
       22.91     0.999780     29442432      4551.11
       22.91     0.999792     29442432      4818.82
       23.04     0.999805     29443075      5120.00
       23.04     0.999817     29443075      5461.33
       23.17     0.999829     29443686      5851.43
       23.30     0.999841     29444291      6301.54
       23.30     0.999854     29444291      6826.67
       23.42     0.999866     29444861      7447.27
       23.42     0.999878     29444861      8192.00
       23.55     0.999884     29445384      8623.16
       23.55     0.999890     29445384      9102.22
       23.55     0.999896     29445384      9637.65
       23.68     0.999902     29445858     10240.00
       23.68     0.999908     29445858     10922.67
       23.68     0.999915     29445858     11702.86
       23.81     0.999921     29446248     12603.08
       23.81     0.999927     29446248     13653.33
       23.93     0.999933     29446614     14894.55
       23.93     0.999939     29446614     16384.00
       24.06     0.999942     29446945     17246.32
       24.06     0.999945     29446945     18204.44
       24.06     0.999948     29446945     19275.29
       24.06     0.999951     29446945     20480.00
       24.19     0.999954     29447183     21845.33
       24.19     0.999957     29447183     23405.71
       24.32     0.999960     29447370     25206.15
       24.32     0.999963     29447370     27306.67
       24.45     0.999966     29447510     29789.09
       24.45     0.999969     29447510     32768.00
       24.57     0.999971     29447639     34492.63
       24.57     0.999973     29447639     36408.89
       24.57     0.999974     29447639     38550.59
       24.70     0.999976     29447758     40960.00
       24.70     0.999977     29447758     43690.67
       24.70     0.999979     29447758     46811.43
       24.83     0.999980     29447860     50412.31
       24.83     0.999982     29447860     54613.33
       24.96     0.999983     29447934     59578.18
       24.96     0.999985     29447934     65536.00
       25.09     0.999986     29447991     68985.26
       25.09     0.999986     29447991     72817.78
       25.09     0.999987     29447991     77101.18
       25.21     0.999988     29448042     81920.00
       25.21     0.999989     29448042     87381.33
       25.34     0.999989     29448094     93622.86
       25.34     0.999990     29448094    100824.62
       25.47     0.999991     29448123    109226.67
       25.60     0.999992     29448157    119156.36
       25.60     0.999992     29448157    131072.00
       25.73     0.999993     29448186    137970.53
       25.73     0.999993     29448186    145635.56
       25.73     0.999994     29448186    154202.35
       25.86     0.999994     29448214    163840.00
       25.86     0.999994     29448214    174762.67
       25.98     0.999995     29448231    187245.71
       25.98     0.999995     29448231    201649.23
       26.11     0.999995     29448243    218453.33
       26.24     0.999996     29448264    238312.73
       26.24     0.999996     29448264    262144.00
       26.37     0.999996     29448279    275941.05
       26.37     0.999997     29448279    291271.11
       26.37     0.999997     29448279    308404.71
       26.50     0.999997     29448289    327680.00
       26.50     0.999997     29448289    349525.33
       26.62     0.999997     29448300    374491.43
       26.62     0.999998     29448300    403298.46
       26.75     0.999998     29448306    436906.67
       26.88     0.999998     29448312    476625.45
       27.01     0.999998     29448320    524288.00
       27.01     0.999998     29448320    551882.11
       27.26     0.999998     29448322    582542.22
       27.52     0.999998     29448325    616809.41
       27.77     0.999998     29448328    655360.00
       27.90     0.999999     29448332    699050.67
       28.16     0.999999     29448333    748982.86
       28.54     0.999999     29448337    806596.92
       29.31     0.999999     29448340    873813.33
       29.95     0.999999     29448342    953250.91
       30.21     0.999999     29448344   1048576.00
       30.98     0.999999     29448346   1103764.21
       31.10     0.999999     29448347   1165084.44
       31.36     0.999999     29448349   1233618.82
       32.00     0.999999     29448350   1310720.00
       34.81     0.999999     29448351   1398101.33
       35.07     0.999999     29448353   1497965.71
       35.33     0.999999     29448355   1613193.85
       35.58     0.999999     29448356   1747626.67
       35.84     0.999999     29448357   1906501.82
       36.09     1.000000     29448359   2097152.00
       36.09     1.000000     29448359   2207528.42
       36.35     1.000000     29448360   2330168.89
       36.61     1.000000     29448361   2467237.65
       36.61     1.000000     29448361   2621440.00
       37.63     1.000000     29448362   2796202.67
       37.89     1.000000     29448364   2995931.43
       37.89     1.000000     29448364   3226387.69
       37.89     1.000000     29448364   3495253.33
       38.14     1.000000     29448366   3813003.64
       38.14     1.000000     29448366   4194304.00
       38.14     1.000000     29448366   4415056.84
       38.14     1.000000     29448366   4660337.78
       38.66     1.000000     29448367   4934475.29
       38.66     1.000000     29448367   5242880.00
       38.66     1.000000     29448367   5592405.33
       39.17     1.000000     29448369   5991862.86
       39.17     1.000000     29448369   6452775.39
       39.17     1.000000     29448369   6990506.67
       39.17     1.000000     29448369   7626007.28
       39.17     1.000000     29448369   8388608.00
       39.17     1.000000     29448369   8830113.68
       39.17     1.000000     29448369   9320675.55
       39.42     1.000000     29448371   9868950.59
       39.42     1.000000     29448371  10485760.00
       39.42     1.000000     29448371  11184810.67
       39.42     1.000000     29448371  11983725.71
       39.42     1.000000     29448371  12905550.76
       39.42     1.000000     29448371  13981013.34
       39.42     1.000000     29448371  15252014.55
       39.42     1.000000     29448371  16777216.00
       39.42     1.000000     29448371  17660227.38
       39.42     1.000000     29448371  18641351.10
       39.42     1.000000     29448371  19737901.19
       39.42     1.000000     29448371  20971519.98
       39.42     1.000000     29448371  22369621.33
       39.42     1.000000     29448371  23967451.45
       39.42     1.000000     29448371  25811101.52
       39.42     1.000000     29448371  27962026.68
       39.68     1.000000     29448372  30504029.05
       39.68     1.000000     29448372          inf
#[Mean    =        3.699, StdDeviation   =        2.814]
#[Max     =       39.679, Total count    =     29448372]
#[Buckets =           10, SubBuckets     =          256]
