       Value   Percentile   TotalCount 1/(1-Percentile)

        0.13     0.000000            1         1.00
        1.09     0.050000      3352887         1.05
        1.12     0.100000      7709302         1.11
        1.13     0.150000     10449926         1.18
        1.14     0.200000     14122389         1.25
        1.14     0.250000     18820582         1.33
        1.15     0.300000     24387300         1.43
        1.15     0.350000     24387300         1.54
        1.16     0.400000     30400346         1.67
        1.16     0.450000     30400346         1.82
        1.17     0.500000     36266138         2.00
        1.17     0.525000     36266138         2.11
        1.17     0.550000     36266138         2.22
        1.17     0.575000     36266138         2.35
        1.18     0.600000     41386146         2.50
        1.18     0.625000     41386146         2.67
        1.18     0.650000     41386146         2.86
        1.18     0.675000     45401920         3.08
        1.18     0.700000     45401920         3.33
        1.19     0.725000     48287068         3.64
        1.19     0.750000     48287068         4.00
        1.19     0.762500     48287068         4.21
        1.20     0.775000     50232627         4.44
        1.20     0.787500     50232627         4.71
        1.21     0.800000     51500161         5.00
        1.21     0.812500     51500161         5.33
        1.22     0.825000     52319779         5.71
        1.22     0.837500     52862305         6.15
        1.24     0.850000     53507244         6.67
        1.29     0.862500     54324561         7.27
        2.13     0.875000     55056327         8.00
        2.22     0.881250     55538253         8.42
        2.25     0.887500     56091770         8.89
        2.27     0.893750     56536709         9.41
        2.29     0.900000     57114795        10.00
        2.29     0.906250     57114795        10.67
        2.30     0.912500     57812935        11.43
        2.30     0.918750     57812935        12.31
        2.32     0.925000     58567865        13.33
        2.33     0.931250     59273165        14.55
        2.33     0.937500     59273165        16.00
        2.33     0.940625     59273165        16.84
        2.35     0.943750     59836665        17.78
        2.35     0.946875     59836665        18.82
        2.35     0.950000     59836665        20.00
        2.37     0.953125     60222271        21.33
        2.37     0.956250     60222271        22.86
        2.38     0.959375     60457330        24.62
        2.40     0.962500     60592277        26.67
        2.46     0.965625     60770390        29.09
        4.03     0.968750     60951101        32.00
        4.13     0.970313     61152181        33.68
        4.13     0.971875     61152181        35.56
        4.16     0.973437     61472425        37.65
        4.16     0.975000     61472425        40.00
        4.16     0.976562     61472425        42.67
        4.19     0.978125     61827821        45.71
        4.19     0.979688     61827821        49.23
        4.19     0.981250     61827821        53.33
        4.22     0.982812     61972263        58.18
        4.22     0.984375     61972263        64.00
        4.25     0.985156     62008121        67.37
        4.35     0.985938     62034519        71.11
        5.12     0.986719     62083581        75.29
        5.21     0.987500     62138879        80.00
        5.28     0.988281     62211217        85.33
        5.31     0.989062     62268546        91.43
        5.34     0.989844     62325179        98.46
        5.38     0.990625     62364270       106.67
        5.41     0.991406     62383489       116.36
        6.21     0.992188     62425225       128.00
        7.17     0.992578     62449019       134.74
        9.47     0.992969     62473305       142.22
       17.02     0.993359     62497640       150.59
       37.89     0.993750     62522233       160.00
       62.21     0.994141     62546764       170.67
       77.82     0.994531     62572848       182.86
       82.43     0.994922     62598857       196.92
       84.99     0.995313     62625411       213.33
       86.53     0.995703     62646824       232.73
       88.06     0.996094     62673829       256.00
       88.58     0.996289     62683732       269.47
       89.09     0.996484     62694169       284.44
       90.11     0.996680     62715887       301.18
       90.62     0.996875     62727079       320.00
       91.14     0.997070     62738838       341.33
       91.65     0.997266     62750582       365.71
       92.16     0.997461     62762353       393.85
       92.67     0.997656     62773676       426.67
       93.18     0.997852     62784831       465.45
       93.69     0.998047     62795465       512.00
       94.21     0.998145     62805630       538.95
       94.21     0.998242     62805630       568.89
       94.72     0.998340     62815236       602.35
       95.23     0.998437     62824522       640.00
       95.23     0.998535     62824522       682.67
       95.74     0.998633     62833231       731.43
       96.25     0.998730     62841656       787.69
       96.25     0.998828     62841656       853.33
       96.77     0.998926     62848898       930.91
       97.28     0.999023     62855756      1024.00
       97.79     0.999072     62861697      1077.89
       97.79     0.999121     62861697      1137.78
       98.30     0.999170     62867040      1204.71
       98.30     0.999219     62867040      1280.00
       98.81     0.999268     62871794      1365.33
       99.33     0.999316     62876158      1462.86
       99.33     0.999365     62876158      1575.38
       99.84     0.999414     62880157      1706.67
      100.35     0.999463     62883863      1861.82
      100.86     0.999512     62886873      2048.00
      100.86     0.999536     62886873      2155.79
      101.38     0.999561     62889606      2275.56
      101.38     0.999585     62889606      2409.41
      101.89     0.999609     62892038      2560.00
      102.40     0.999634     62894172      2730.67
      102.40     0.999658     62894172      2925.71
      102.91     0.999683     62896040      3150.77
      103.42     0.999707     62897723      3413.33
      103.94     0.999731     62899181      3723.64
      104.45     0.999756     62900568      4096.00
      104.96     0.999768     62901790      4311.58
      104.96     0.999780     62901790      4551.11
      105.47     0.999792     62902917      4818.82
      105.98     0.999805     62903901      5120.00
      105.98     0.999817     62903901      5461.33
      106.50     0.999829     62904721      5851.43
      107.01     0.999841     62905423      6301.54
      108.03     0.999854     62906586      6826.67
      108.54     0.999866     62907101      7447.27
      109.57     0.999878     62907919      8192.00
      110.08     0.999884     62908244      8623.16
      110.59     0.999890     62908527      9102.22
      111.61     0.999896     62909011      9637.65
      112.13     0.999902     62909236     10240.00
      113.15     0.999908     62909590     10922.67
      114.69     0.999915     62909989     11702.86
      116.22     0.999921     62910358     12603.08
      118.27     0.999927     62910798     13653.33
      120.32     0.999933     62911169     14894.55
      122.37     0.999939     62911577     16384.00
      123.39     0.999942     62911786     17246.32
      124.42     0.999945     62911948     18204.44
      125.44     0.999948     62912088     19275.29
      127.49     0.999951     62912326     20480.00
      129.02     0.999954     62912491     21845.33
      130.56     0.999957     62912658     23405.71
      132.09     0.999960     62912854     25206.15
      134.14     0.999963     62913074     27306.67
      136.19     0.999966     62913267     29789.09
      138.24     0.999969     62913433     32768.00
      140.29     0.999971     62913600     34492.63
      141.31     0.999973     62913715     36408.89
      141.31     0.999974     62913715     38550.59
      142.34     0.999976     62913824     40960.00
      144.38     0.999977     62913969     43690.67
      145.41     0.999979     62914022     46811.43
      147.46     0.999980     62914144     50412.31
      148.48     0.999982     62914210     54613.33
      150.53     0.999983     62914321     59578.18
      152.57     0.999985     62914454     65536.00
      152.57     0.999986     62914454     68985.26
      153.60     0.999986     62914517     72817.78
      154.62     0.999987     62914583     77101.18
      154.62     0.999988     62914583     81920.00
      155.65     0.999989     62914633     87381.33
      157.69     0.999989     62914703     93622.86
      158.72     0.999990     62914742    100824.62
      159.74     0.999991     62914785    109226.67
      160.77     0.999992     62914827    119156.36
      162.81     0.999992     62914877    131072.00
      163.84     0.999993     62914898    137970.53
      164.86     0.999993     62914919    145635.56
      165.89     0.999994     62914943    154202.35
      166.91     0.999994     62914975    163840.00
      167.94     0.999994     62915017    174762.67
      167.94     0.999995     62915017    187245.71
      168.96     0.999995     62915052    201649.23
      169.98     0.999995     62915083    218453.33
      169.98     0.999996     62915083    238312.73
      171.01     0.999996     62915110    262144.00
      172.03     0.999996     62915147    275941.05
      172.03     0.999997     62915147    291271.11
      172.03     0.999997     62915147    308404.71
      173.06     0.999997     62915168    327680.00
      173.06     0.999997     62915168    349525.33
      174.08     0.999997     62915190    374491.43
      174.08     0.999998     62915190    403298.46
      175.10     0.999998     62915208    436906.67
      176.13     0.999998     62915220    476625.45
      177.15     0.999998     62915231    524288.00
      177.15     0.999998     62915231    551882.11
      178.18     0.999998     62915240    582542.22
      179.20     0.999998     62915246    616809.41
      180.22     0.999998     62915256    655360.00
      180.22     0.999999     62915256    699050.67
      181.25     0.999999     62915264    748982.86
      182.27     0.999999     62915272    806596.92
      182.27     0.999999     62915272    873813.33
      183.29     0.999999     62915280    953250.91
      184.32     0.999999     62915288   1048576.00
      184.32     0.999999     62915288   1103764.21
      185.34     0.999999     62915291   1165084.44
      186.37     0.999999     62915300   1233618.82
      186.37     0.999999     62915300   1310720.00
      186.37     0.999999     62915300   1398101.33
      187.39     0.999999     62915304   1497965.71
      188.41     0.999999     62915309   1613193.85
      188.41     0.999999     62915309   1747626.67
      189.44     0.999999     62915311   1906501.82
      191.49     1.000000     62915316   2097152.00
      191.49     1.000000     62915316   2207528.42
      192.51     1.000000     62915317   2330168.89
      196.61     1.000000     62915322   2467237.65
      196.61     1.000000     62915322   2621440.00
      196.61     1.000000     62915322   2796202.67
      197.63     1.000000     62915323   2995931.43
      199.68     1.000000     62915325   3226387.69
      200.70     1.000000     62915327   3495253.33
      201.73     1.000000     62915329   3813003.64
      201.73     1.000000     62915329   4194304.00
      202.75     1.000000     62915330   4415056.84
      203.78     1.000000     62915331   4660337.78
      204.80     1.000000     62915332   4934475.29
      204.80     1.000000     62915332   5242880.00
      205.82     1.000000     62915333   5592405.33
      206.85     1.000000     62915334   5991862.86
      209.92     1.000000     62915336   6452775.39
      209.92     1.000000     62915336   6990506.67
      209.92     1.000000     62915336   7626007.28
      211.97     1.000000     62915337   8388608.00
      211.97     1.000000     62915337   8830113.68
      212.99     1.000000     62915338   9320675.55
      212.99     1.000000     62915338   9868950.59
      212.99     1.000000     62915338  10485760.00
      215.04     1.000000     62915339  11184810.67
      215.04     1.000000     62915339  11983725.71
      238.59     1.000000     62915340  12905550.76
      238.59     1.000000     62915340  13981013.34
      238.59     1.000000     62915340  15252014.55
      258.05     1.000000     62915341  16777216.00
      258.05     1.000000     62915341  17660227.38
      258.05     1.000000     62915341  18641351.10
      258.05     1.000000     62915341  19737901.19
      258.05     1.000000     62915341  20971519.98
      260.10     1.000000     62915342  22369621.33
      260.10     1.000000     62915342  23967451.45
      260.10     1.000000     62915342  25811101.52
      260.10     1.000000     62915342  27962026.68
      260.10     1.000000     62915342  30504029.05
      262.14     1.000000     62915343  33554432.00
      262.14     1.000000     62915343  35320454.76
      262.14     1.000000     62915343  37282702.28
      262.14     1.000000     62915343  39475802.28
      262.14     1.000000     62915343  41943039.96
      262.14     1.000000     62915343  44739242.67
      262.14     1.000000     62915343  47934902.91
      262.14     1.000000     62915343  51622203.20
      262.14     1.000000     62915343  55924053.19
      262.14     1.000000     62915343  61008058.10
      264.19     1.000000     62915344  67108864.00
      264.19     1.000000     62915344          inf
#[Mean    =        1.906, StdDeviation   =        6.972]
#[Max     =      264.191, Total count    =     62915344]
#[Buckets =           10, SubBuckets     =          256]
