       Value   Percentile   TotalCount 1/(1-Percentile)

        0.13     0.000000            1         1.00
        1.09     0.050000      3055562         1.05
        1.12     0.100000      7031355         1.11
        1.13     0.150000      9530995         1.18
        1.14     0.200000     12879036         1.25
        1.14     0.250000     17160935         1.33
        1.14     0.300000     17160935         1.43
        1.15     0.350000     22228764         1.54
        1.16     0.400000     27699216         1.67
        1.16     0.450000     27699216         1.82
        1.17     0.500000     33027444         2.00
        1.17     0.525000     33027444         2.11
        1.17     0.550000     33027444         2.22
        1.17     0.575000     33027444         2.35
        1.18     0.600000     37673194         2.50
        1.18     0.625000     37673194         2.67
        1.18     0.650000     37673194         2.86
        1.18     0.675000     41313319         3.08
        1.18     0.700000     41313319         3.33
        1.19     0.725000     43926701         3.64
        1.19     0.750000     43926701         4.00
        1.19     0.762500     43926701         4.21
        1.20     0.775000     45687697         4.44
        1.20     0.787500     45687697         4.71
        1.21     0.800000     46834885         5.00
        1.21     0.812500     46834885         5.33
        1.22     0.825000     47576418         5.71
        1.22     0.837500     48067733         6.15
        1.24     0.850000     48651870         6.67
        1.29     0.862500     49334607         7.27
        2.13     0.875000     50056384         8.00
        2.22     0.881250     50494674         8.42
        2.25     0.887500     50998090         8.89
        2.27     0.893750     51402926         9.41
        2.29     0.900000     51928385        10.00
        2.29     0.906250     51928385        10.67
        2.30     0.912500     52562887        11.43
        2.30     0.918750     52562887        12.31
        2.32     0.925000     53249248        13.33
        2.33     0.931250     53889304        14.55
        2.33     0.937500     53889304        16.00
        2.33     0.940625     53889304        16.84
        2.35     0.943750     54400280        17.78
        2.35     0.946875     54400280        18.82
        2.35     0.950000     54400280        20.00
        2.37     0.953125     54749569        21.33
        2.37     0.956250     54749569        22.86
        2.38     0.959375     54962386        24.62
        2.40     0.962500     55084784        26.67
        2.46     0.965625     55246271        29.09
        4.03     0.968750     55410405        32.00
        4.13     0.970313     55593733        33.68
        4.13     0.971875     55593733        35.56
        4.16     0.973437     55885083        37.65
        4.16     0.975000     55885083        40.00
        4.16     0.976562     55885083        42.67
        4.19     0.978125     56208065        45.71
        4.19     0.979688     56208065        49.23
        4.19     0.981250     56208065        53.33
        4.22     0.982812     56338778        58.18
        4.22     0.984375     56338778        64.00
        4.25     0.985156     56371208        67.37
        4.35     0.985938     56395165        71.11
        5.12     0.986719     56439710        75.29
        5.21     0.987500     56490012        80.00
        5.28     0.988281     56555762        85.33
        5.31     0.989062     56607861        91.43
        5.34     0.989844     56659348        98.46
        5.38     0.990625     56694800       106.67
        5.41     0.991406     56712209       116.36
        6.21     0.992188     56750109       128.00
        7.17     0.992578     56771716       134.74
        9.47     0.992969     56793758       142.22
       17.02     0.993359     56815861       150.59
       37.89     0.993750     56838211       160.00
       62.46     0.994141     56860694       170.67
       77.82     0.994531     56884166       182.86
       82.43     0.994922     56907919       196.92
       84.99     0.995313     56932029       213.33
       86.53     0.995703     56951525       232.73
       88.06     0.996094     56976029       256.00
       88.58     0.996289     56985062       269.47
       89.60     0.996484     57004318       284.44
       90.11     0.996680     57014338       301.18
       90.62     0.996875     57024509       320.00
       91.14     0.997070     57035207       341.33
       91.65     0.997266     57045862       365.71
       92.16     0.997461     57056604       393.85
       92.67     0.997656     57066889       426.67
       93.18     0.997852     57077058       465.45
       93.69     0.998047     57086715       512.00
       94.21     0.998145     57095910       538.95
       94.21     0.998242     57095910       568.89
       94.72     0.998340     57104660       602.35
       95.23     0.998437     57113136       640.00
       95.23     0.998535     57113136       682.67
       95.74     0.998633     57121026       731.43
       96.25     0.998730     57128681       787.69
       96.25     0.998828     57128681       853.33
       96.77     0.998926     57135249       930.91
       97.28     0.999023     57141477      1024.00
       97.79     0.999072     57146888      1077.89
       97.79     0.999121     57146888      1137.78
       98.30     0.999170     57151712      1204.71
       98.30     0.999219     57151712      1280.00
       98.81     0.999268     57156046      1365.33
       99.33     0.999316     57160009      1462.86
       99.33     0.999365     57160009      1575.38
       99.84     0.999414     57163643      1706.67
      100.35     0.999463     57167016      1861.82
      100.86     0.999512     57169756      2048.00
      100.86     0.999536     57169756      2155.79
      101.38     0.999561     57172238      2275.56
      101.38     0.999585     57172238      2409.41
      101.89     0.999609     57174451      2560.00
      102.40     0.999634     57176369      2730.67
      102.40     0.999658     57176369      2925.71
      102.91     0.999683     57178055      3150.77
      103.42     0.999707     57179600      3413.33
      103.94     0.999731     57180938      3723.64
      104.45     0.999756     57182198      4096.00
      104.96     0.999768     57183328      4311.58
      104.96     0.999780     57183328      4551.11
      105.47     0.999792     57184363      4818.82
      105.98     0.999805     57185253      5120.00
      105.98     0.999817     57185253      5461.33
      106.50     0.999829     57185982      5851.43
      107.01     0.999841     57186619      6301.54
      108.03     0.999854     57187670      6826.67
      108.54     0.999866     57188148      7447.27
      109.57     0.999878     57188890      8192.00
      110.08     0.999884     57189195      8623.16
      110.59     0.999890     57189459      9102.22
      111.61     0.999896     57189898      9637.65
      112.13     0.999902     57190099     10240.00
      113.66     0.999908     57190544     10922.67
      115.20     0.999915     57190902     11702.86
      116.73     0.999921     57191230     12603.08
      118.27     0.999927     57191526     13653.33
      120.32     0.999933     57191866     14894.55
      122.37     0.999939     57192231     16384.00
      123.39     0.999942     57192423     17246.32
      124.42     0.999945     57192571     18204.44
      125.95     0.999948     57192754     19275.29
      127.49     0.999951     57192919     20480.00
      129.02     0.999954     57193070     21845.33
      131.07     0.999957     57193299     23405.71
      133.12     0.999960     57193491     25206.15
      134.14     0.999963     57193597     27306.67
      136.19     0.999966     57193773     29789.09
      139.26     0.999969     57193989     32768.00
      140.29     0.999971     57194075     34492.63
      141.31     0.999973     57194180     36408.89
      142.34     0.999974     57194279     38550.59
      142.34     0.999976     57194279     40960.00
      144.38     0.999977     57194407     43690.67
      145.41     0.999979     57194453     46811.43
      147.46     0.999980     57194565     50412.31
      148.48     0.999982     57194627     54613.33
      150.53     0.999983     57194730     59578.18
      152.57     0.999985     57194851     65536.00
      152.57     0.999986     57194851     68985.26
      153.60     0.999986     57194906     72817.78
      154.62     0.999987     57194968     77101.18
      155.65     0.999988     57195015     81920.00
      156.67     0.999989     57195045     87381.33
      157.69     0.999989     57195078     93622.86
      158.72     0.999990     57195115    100824.62
      159.74     0.999991     57195155    109226.67
      160.77     0.999992     57195195    119156.36
      162.81     0.999992     57195243    131072.00
      163.84     0.999993     57195262    137970.53
      164.86     0.999993     57195283    145635.56
      165.89     0.999994     57195305    154202.35
      166.91     0.999994     57195335    163840.00
      167.94     0.999994     57195373    174762.67
      167.94     0.999995     57195373    187245.71
      168.96     0.999995     57195405    201649.23
      169.98     0.999995     57195435    218453.33
      169.98     0.999996     57195435    238312.73
      171.01     0.999996     57195458    262144.00
      172.03     0.999996     57195493    275941.05
      172.03     0.999997     57195493    291271.11
      172.03     0.999997     57195493    308404.71
      173.06     0.999997     57195513    327680.00
      173.06     0.999997     57195513    349525.33
      174.08     0.999997     57195535    374491.43
      174.08     0.999998     57195535    403298.46
      175.10     0.999998     57195550    436906.67
      176.13     0.999998     57195559    476625.45
      177.15     0.999998     57195570    524288.00
      178.18     0.999998     57195576    551882.11
      178.18     0.999998     57195576    582542.22
      179.20     0.999998     57195582    616809.41
      180.22     0.999998     57195591    655360.00
      181.25     0.999999     57195599    699050.67
      181.25     0.999999     57195599    748982.86
      182.27     0.999999     57195607    806596.92
      183.29     0.999999     57195614    873813.33
      183.29     0.999999     57195614    953250.91
      184.32     0.999999     57195621   1048576.00
      185.34     0.999999     57195624   1103764.21
      186.37     0.999999     57195633   1165084.44
      186.37     0.999999     57195633   1233618.82
      186.37     0.999999     57195633   1310720.00
      187.39     0.999999     57195637   1398101.33
      187.39     0.999999     57195637   1497965.71
      188.41     0.999999     57195642   1613193.85
      188.41     0.999999     57195642   1747626.67
      189.44     0.999999     57195644   1906501.82
      191.49     1.000000     57195649   2097152.00
      191.49     1.000000     57195649   2207528.42
      192.51     1.000000     57195650   2330168.89
      193.53     1.000000     57195651   2467237.65
      196.61     1.000000     57195654   2621440.00
      196.61     1.000000     57195654   2796202.67
      197.63     1.000000     57195655   2995931.43
      199.68     1.000000     57195657   3226387.69
      200.70     1.000000     57195659   3495253.33
      200.70     1.000000     57195659   3813003.64
      201.73     1.000000     57195661   4194304.00
      202.75     1.000000     57195662   4415056.84
      202.75     1.000000     57195662   4660337.78
      203.78     1.000000     57195663   4934475.29
      204.80     1.000000     57195664   5242880.00
      204.80     1.000000     57195664   5592405.33
      205.82     1.000000     57195665   5991862.86
      209.92     1.000000     57195667   6452775.39
      209.92     1.000000     57195667   6990506.67
      209.92     1.000000     57195667   7626007.28
      211.97     1.000000     57195668   8388608.00
      211.97     1.000000     57195668   8830113.68
      211.97     1.000000     57195668   9320675.55
      212.99     1.000000     57195669   9868950.59
      212.99     1.000000     57195669  10485760.00
      212.99     1.000000     57195669  11184810.67
      238.59     1.000000     57195670  11983725.71
      238.59     1.000000     57195670  12905550.76
      238.59     1.000000     57195670  13981013.34
      258.05     1.000000     57195671  15252014.55
      258.05     1.000000     57195671  16777216.00
      258.05     1.000000     57195671  17660227.38
      258.05     1.000000     57195671  18641351.10
      260.10     1.000000     57195672  19737901.19
      260.10     1.000000     57195672  20971519.98
      260.10     1.000000     57195672  22369621.33
      260.10     1.000000     57195672  23967451.45
      260.10     1.000000     57195672  25811101.52
      260.10     1.000000     57195672  27962026.68
      262.14     1.000000     57195673  30504029.05
      262.14     1.000000     57195673  33554432.00
      262.14     1.000000     57195673  35320454.76
      262.14     1.000000     57195673  37282702.28
      262.14     1.000000     57195673  39475802.28
      262.14     1.000000     57195673  41943039.96
      262.14     1.000000     57195673  44739242.67
      262.14     1.000000     57195673  47934902.91
      262.14     1.000000     57195673  51622203.20
      262.14     1.000000     57195673  55924053.19
      264.19     1.000000     57195674  61008058.10
      264.19     1.000000     57195674          inf
#[Mean    =        1.906, StdDeviation   =        6.974]
#[Max     =      264.191, Total count    =     57195674]
#[Buckets =           10, SubBuckets     =          256]
