       Value   Percentile   TotalCount 1/(1-Percentile)

        0.16     0.000000            1         1.00
        1.09     0.050000       297325         1.05
        1.12     0.100000       677947         1.11
        1.13     0.150000       918931         1.18
        1.14     0.200000      1243353         1.25
        1.14     0.250000      1659647         1.33
        1.15     0.300000      2158536         1.43
        1.15     0.350000      2158536         1.54
        1.16     0.400000      2701130         1.67
        1.16     0.450000      2701130         1.82
        1.17     0.500000      3238694         2.00
        1.17     0.525000      3238694         2.11
        1.17     0.550000      3238694         2.22
        1.18     0.575000      3712952         2.35
        1.18     0.600000      3712952         2.50
        1.18     0.625000      3712952         2.67
        1.18     0.650000      4088601         2.86
        1.18     0.675000      4088601         3.08
        1.18     0.700000      4088601         3.33
        1.19     0.725000      4360367         3.64
        1.19     0.750000      4360367         4.00
        1.20     0.762500      4544930         4.21
        1.20     0.775000      4544930         4.44
        1.20     0.787500      4544930         4.71
        1.21     0.800000      4665276         5.00
        1.21     0.812500      4665276         5.33
        1.22     0.825000      4743361         5.71
        1.22     0.837500      4794572         6.15
        1.25     0.850000      4874249         6.67
        1.30     0.862500      4937312         7.27
        2.16     0.875000      5006474         8.00
        2.22     0.881250      5043579         8.42
        2.25     0.887500      5093680         8.89
        2.27     0.893750      5133783         9.41
        2.29     0.900000      5186410        10.00
        2.29     0.906250      5186410        10.67
        2.30     0.912500      5250048        11.43
        2.32     0.918750      5318617        12.31
        2.32     0.925000      5318617        13.33
        2.33     0.931250      5383861        14.55
        2.33     0.937500      5383861        16.00
        2.33     0.940625      5383861        16.84
        2.35     0.943750      5436385        17.78
        2.35     0.946875      5436385        18.82
        2.35     0.950000      5436385        20.00
        2.37     0.953125      5472702        21.33
        2.37     0.956250      5472702        22.86
        2.38     0.959375      5494944        24.62
        2.40     0.962500      5507493        26.67
        2.46     0.965625      5524119        29.09
        4.05     0.968750      5541293        32.00
        4.13     0.970313      5558448        33.68
        4.16     0.971875      5587342        35.56
        4.16     0.973437      5587342        37.65
        4.16     0.975000      5587342        40.00
        4.16     0.976562      5587342        42.67
        4.19     0.978125      5619756        45.71
        4.19     0.979688      5619756        49.23
        4.19     0.981250      5619756        53.33
        4.22     0.982812      5633485        58.18
        4.22     0.984375      5633485        64.00
        4.25     0.985156      5636913        67.37
        4.35     0.985938      5639354        71.11
        5.12     0.986719      5643871        75.29
        5.21     0.987500      5648867        80.00
        5.28     0.988281      5655455        85.33
        5.31     0.989062      5660685        91.43
        5.34     0.989844      5665831        98.46
        5.38     0.990625      5669470       106.67
        5.41     0.991406      5671280       116.36
        6.21     0.992188      5675116       128.00
        7.13     0.992578      5677237       134.74
        9.41     0.992969      5679496       142.22
       16.51     0.993359      5681690       150.59
       36.86     0.993750      5683927       160.00
       60.67     0.994141      5686164       170.67
       77.31     0.994531      5688528       182.86
       82.43     0.994922      5690938       196.92
       84.99     0.995313      5693382       213.33
       86.53     0.995703      5695299       232.73
       88.06     0.996094      5697800       256.00
       88.58     0.996289      5698670       269.47
       89.09     0.996484      5699610       284.44
       90.11     0.996680      5701549       301.18
       90.62     0.996875      5702570       320.00
       91.14     0.997070      5703631       341.33
       91.65     0.997266      5704720       365.71
       92.16     0.997461      5705749       393.85
       92.67     0.997656      5706787       426.67
       93.18     0.997852      5707773       465.45
       93.69     0.998047      5708750       512.00
       94.21     0.998145      5709720       538.95
       94.21     0.998242      5709720       568.89
       94.72     0.998340      5710576       602.35
       95.23     0.998437      5711386       640.00
       95.23     0.998535      5711386       682.67
       95.74     0.998633      5712205       731.43
       96.25     0.998730      5712975       787.69
       96.25     0.998828      5712975       853.33
       96.77     0.998926      5713649       930.91
       97.28     0.999023      5714279      1024.00
       97.79     0.999072      5714809      1077.89
       97.79     0.999121      5714809      1137.78
       98.30     0.999170      5715328      1204.71
       98.30     0.999219      5715328      1280.00
       98.81     0.999268      5715748      1365.33
       99.33     0.999316      5716149      1462.86
       99.33     0.999365      5716149      1575.38
       99.84     0.999414      5716514      1706.67
      100.35     0.999463      5716847      1861.82
      100.86     0.999512      5717117      2048.00
      100.86     0.999536      5717117      2155.79
      101.38     0.999561      5717368      2275.56
      101.38     0.999585      5717368      2409.41
      101.89     0.999609      5717587      2560.00
      101.89     0.999634      5717587      2730.67
      102.40     0.999658      5717803      2925.71
      102.91     0.999683      5717985      3150.77
      103.42     0.999707      5718123      3413.33
      103.94     0.999731      5718243      3723.64
      104.45     0.999756      5718370      4096.00
      104.45     0.999768      5718370      4311.58
      104.96     0.999780      5718462      4551.11
      105.47     0.999792      5718554      4818.82
      105.47     0.999805      5718554      5120.00
      105.98     0.999817      5718648      5461.33
      106.50     0.999829      5718739      5851.43
      107.01     0.999841      5718804      6301.54
      107.52     0.999854      5718864      6826.67
      108.03     0.999866      5718916      7447.27
      109.06     0.999878      5718988      8192.00
      109.57     0.999884      5719029      8623.16
      110.08     0.999890      5719049      9102.22
      111.10     0.999896      5719084      9637.65
      111.61     0.999902      5719113     10240.00
      112.64     0.999908      5719153     10922.67
      113.66     0.999915      5719188     11702.86
      115.20     0.999921      5719218     12603.08
      117.25     0.999927      5719258     13653.33
      119.81     0.999933      5719294     14894.55
      121.86     0.999939      5719331     16384.00
      122.37     0.999942      5719346     17246.32
      122.88     0.999945      5719356     18204.44
      124.42     0.999948      5719377     19275.29
      126.46     0.999951      5719394     20480.00
      128.00     0.999954      5719411     21845.33
      129.53     0.999957      5719427     23405.71
      131.07     0.999960      5719445     25206.15
      133.12     0.999963      5719465     27306.67
      135.17     0.999966      5719487     29789.09
      137.22     0.999969      5719502     32768.00
      138.24     0.999971      5719508     34492.63
      140.29     0.999973      5719525     36408.89
      140.29     0.999974      5719525     38550.59
      141.31     0.999976      5719535     40960.00
      142.34     0.999977      5719545     43690.67
      143.36     0.999979      5719552     46811.43
      144.38     0.999980      5719562     50412.31
      145.41     0.999982      5719569     54613.33
      146.43     0.999983      5719574     59578.18
      148.48     0.999985      5719583     65536.00
      150.53     0.999986      5719591     68985.26
      151.55     0.999986      5719597     72817.78
      151.55     0.999987      5719597     77101.18
      152.57     0.999988      5719603     81920.00
      153.60     0.999989      5719611     87381.33
      153.60     0.999989      5719611     93622.86
      154.62     0.999990      5719615    100824.62
      155.65     0.999991      5719618    109226.67
      157.69     0.999992      5719625    119156.36
      158.72     0.999992      5719627    131072.00
      159.74     0.999993      5719630    137970.53
      160.77     0.999993      5719632    145635.56
      161.79     0.999994      5719634    154202.35
      163.84     0.999994      5719636    163840.00
      165.89     0.999994      5719638    174762.67
      166.91     0.999995      5719640    187245.71
      167.94     0.999995      5719644    201649.23
      167.94     0.999995      5719644    218453.33
      168.96     0.999996      5719647    238312.73
      171.01     0.999996      5719652    262144.00
      171.01     0.999996      5719652    275941.05
      171.01     0.999997      5719652    291271.11
      171.01     0.999997      5719652    308404.71
      172.03     0.999997      5719654    327680.00
      172.03     0.999997      5719654    349525.33
      173.06     0.999997      5719655    374491.43
      175.10     0.999998      5719658    403298.46
      175.10     0.999998      5719658    436906.67
      175.10     0.999998      5719658    476625.45
      176.13     0.999998      5719661    524288.00
      176.13     0.999998      5719661    551882.11
      176.13     0.999998      5719661    582542.22
      176.13     0.999998      5719661    616809.41
      178.18     0.999998      5719664    655360.00
      178.18     0.999999      5719664    699050.67
      178.18     0.999999      5719664    748982.86
      178.18     0.999999      5719664    806596.92
      178.18     0.999999      5719664    873813.33
      178.18     0.999999      5719664    953250.91
      180.22     0.999999      5719665   1048576.00
      180.22     0.999999      5719665   1103764.21
      183.29     0.999999      5719666   1165084.44
      183.29     0.999999      5719666   1233618.82
      183.29     0.999999      5719666   1310720.00
      183.29     0.999999      5719666   1398101.33
      184.32     0.999999      5719667   1497965.71
      184.32     0.999999      5719667   1613193.85
      184.32     0.999999      5719667   1747626.67
      184.32     0.999999      5719667   1906501.82
      196.61     1.000000      5719668   2097152.00
      196.61     1.000000      5719668   2207528.42
      196.61     1.000000      5719668   2330168.89
      196.61     1.000000      5719668   2467237.65
      196.61     1.000000      5719668   2621440.00
      196.61     1.000000      5719668   2796202.67
      206.85     1.000000      5719669   2995931.43
      206.85     1.000000      5719669   3226387.69
      206.85     1.000000      5719669   3495253.33
      206.85     1.000000      5719669   3813003.64
      206.85     1.000000      5719669   4194304.00
      206.85     1.000000      5719669   4415056.84
      206.85     1.000000      5719669   4660337.78
      206.85     1.000000      5719669   4934475.29
      206.85     1.000000      5719669   5242880.00
      206.85     1.000000      5719669   5592405.33
      215.04     1.000000      5719670   5991862.86
      215.04     1.000000      5719670          inf
#[Mean    =        1.906, StdDeviation   =        6.959]
#[Max     =      215.039, Total count    =      5719670]
#[Buckets =           10, SubBuckets     =          256]
