       Value   Percentile   TotalCount 1/(1-Percentile)

        0.16     0.000000            1         1.00
        1.25     0.050000       307857         1.05
        1.27     0.100000       520631         1.11
        1.29     0.150000       873345         1.18
        1.29     0.200000      1116737         1.25
        1.30     0.250000      1410021         1.33
        1.31     0.300000      1751187         1.43
        1.32     0.350000      2131779         1.54
        1.32     0.400000      2131779         1.67
        1.33     0.450000      2535751         1.82
        1.33     0.500000      2936994         2.00
        1.33     0.525000      2936994         2.11
        1.33     0.550000      2936994         2.22
        1.34     0.575000      3312796         2.35
        1.34     0.600000      3312796         2.50
        1.34     0.625000      3312796         2.67
        1.35     0.650000      3641067         2.86
        1.35     0.675000      3641067         3.08
        1.35     0.700000      3641067         3.33
        1.36     0.725000      3908946         3.64
        1.36     0.750000      3908946         4.00
        1.37     0.762500      4115135         4.21
        1.37     0.775000      4115135         4.44
        1.37     0.787500      4115135         4.71
        1.38     0.800000      4266332         5.00
        1.38     0.812500      4266332         5.33
        1.38     0.825000      4373542         5.71
        1.38     0.837500      4373542         6.15
        1.39     0.850000      4448105         6.67
        1.40     0.862500      4498981         7.27
        1.42     0.875000      4559024         8.00
        1.42     0.881250      4576584         8.42
        1.45     0.887500      4607022         8.89
        1.50     0.893750      4633507         9.41
        2.46     0.900000      4666070        10.00
        2.54     0.906250      4705426        10.67
        2.58     0.912500      4741325        11.43
        2.59     0.918750      4765222        12.31
        2.62     0.925000      4826462        13.33
        2.64     0.931250      4862515        14.55
        2.64     0.937500      4862515        16.00
        2.65     0.940625      4899943        16.84
        2.65     0.943750      4899943        17.78
        2.67     0.946875      4935760        18.82
        2.67     0.950000      4935760        20.00
        2.69     0.953125      4967134        21.33
        2.69     0.956250      4967134        22.86
        2.70     0.959375      4991653        24.62
        2.70     0.962500      4991653        26.67
        2.72     0.965625      5009248        29.09
        2.75     0.968750      5028218        32.00
        2.77     0.970313      5032646        33.68
        2.81     0.971875      5038143        35.56
        3.69     0.973437      5045249        37.65
        4.29     0.975000      5053776        40.00
        4.35     0.976562      5071284        42.67
        4.35     0.978125      5071284        45.71
        4.38     0.979688      5078015        49.23
        5.47     0.981250      5085893        53.33
        6.56     0.982812      5093836        58.18
       28.67     0.984375      5101932        64.00
       33.79     0.985156      5106226        67.37
       35.84     0.985938      5110351        71.11
       37.63     0.986719      5114618        75.29
       39.17     0.987500      5118585        80.00
       40.45     0.988281      5122791        85.33
       41.22     0.989062      5128198        91.43
       41.47     0.989844      5130962        98.46
       41.98     0.990625      5136902       106.67
       42.24     0.991406      5139906       116.36
       42.49     0.992188      5142757       128.00
       42.75     0.992578      5145591       134.74
       43.01     0.992969      5148423       142.22
       43.26     0.993359      5151160       150.59
       43.26     0.993750      5151160       160.00
       43.52     0.994141      5153726       170.67
       43.77     0.994531      5156182       182.86
       44.03     0.994922      5158594       196.92
       44.29     0.995313      5160773       213.33
       44.29     0.995703      5160773       232.73
       44.54     0.996094      5162848       256.00
       44.80     0.996289      5164728       269.47
       44.80     0.996484      5164728       284.44
       45.05     0.996680      5166541       301.18
       45.31     0.996875      5168163       320.00
       45.31     0.997070      5168163       341.33
       45.57     0.997266      5169622       365.71
       45.82     0.997461      5170996       393.85
       45.82     0.997656      5170996       426.67
       46.08     0.997852      5172338       465.45
       46.34     0.998047      5173493       512.00
       46.34     0.998145      5173493       538.95
       46.59     0.998242      5174512       568.89
       46.59     0.998340      5174512       602.35
       46.85     0.998437      5175402       640.00
       46.85     0.998535      5175402       682.67
       47.10     0.998633      5176222       731.43
       47.36     0.998730      5176905       787.69
       47.36     0.998828      5176905       853.33
       47.62     0.998926      5177531       930.91
       47.87     0.999023      5178117      1024.00
       47.87     0.999072      5178117      1077.89
       48.13     0.999121      5178633      1137.78
       48.13     0.999170      5178633      1204.71
       48.38     0.999219      5179056      1280.00
       48.64     0.999268      5179416      1365.33
       48.64     0.999316      5179416      1462.86
       48.90     0.999365      5179736      1575.38
       49.15     0.999414      5180011      1706.67
       49.41     0.999463      5180287      1861.82
       49.66     0.999512      5180519      2048.00
       49.66     0.999536      5180519      2155.79
       49.92     0.999561      5180725      2275.56
       50.17     0.999585      5180903      2409.41
       50.17     0.999609      5180903      2560.00
       50.43     0.999634      5181071      2730.67
       50.69     0.999658      5181225      2925.71
       50.94     0.999683      5181347      3150.77
       51.20     0.999707      5181477      3413.33
       51.45     0.999731      5181601      3723.64
       51.71     0.999756      5181731      4096.00
       51.71     0.999768      5181731      4311.58
       51.97     0.999780      5181830      4551.11
       52.22     0.999792      5181887      4818.82
       52.48     0.999805      5181952      5120.00
       52.73     0.999817      5182003      5461.33
       52.99     0.999829      5182065      5851.43
       53.25     0.999841      5182102      6301.54
       53.76     0.999854      5182182      6826.67
       54.02     0.999866      5182214      7447.27
       55.04     0.999878      5182292      8192.00
       55.55     0.999884      5182316      8623.16
       56.06     0.999890      5182341      9102.22
       56.83     0.999896      5182373      9637.65
       57.85     0.999902      5182405     10240.00
       59.39     0.999908      5182437     10922.67
       60.67     0.999915      5182466     11702.86
       61.70     0.999921      5182497     12603.08
       63.23     0.999927      5182529     13653.33
       65.28     0.999933      5182562     14894.55
       67.07     0.999939      5182593     16384.00
       68.61     0.999942      5182611     17246.32
       69.63     0.999945      5182629     18204.44
       70.66     0.999948      5182654     19275.29
       71.17     0.999951      5182663     20480.00
       71.68     0.999954      5182675     21845.33
       72.70     0.999957      5182698     23405.71
       73.22     0.999960      5182712     25206.15
       74.24     0.999963      5182723     27306.67
       75.26     0.999966      5182740     29789.09
       76.29     0.999969      5182754     32768.00
       76.80     0.999971      5182759     34492.63
       77.31     0.999973      5182770     36408.89
       77.82     0.999974      5182778     38550.59
       78.33     0.999976      5182783     40960.00
       78.85     0.999977      5182791     43690.67
       79.36     0.999979      5182800     46811.43
       79.87     0.999980      5182810     50412.31
       80.38     0.999982      5182818     54613.33
       80.89     0.999983      5182825     59578.18
       81.92     0.999985      5182832     65536.00
       82.43     0.999986      5182839     68985.26
       82.43     0.999986      5182839     72817.78
       82.94     0.999987      5182845     77101.18
       82.94     0.999988      5182845     81920.00
       83.45     0.999989      5182849     87381.33
       83.97     0.999989      5182855     93622.86
       84.48     0.999990      5182863    100824.62
       84.48     0.999991      5182863    109226.67
       84.99     0.999992      5182869    119156.36
       84.99     0.999992      5182869    131072.00
       85.50     0.999993      5182873    137970.53
       85.50     0.999993      5182873    145635.56
       86.02     0.999994      5182884    154202.35
       86.02     0.999994      5182884    163840.00
       86.02     0.999994      5182884    174762.67
       86.02     0.999995      5182884    187245.71
       86.02     0.999995      5182884    201649.23
       86.53     0.999995      5182886    218453.33
       87.04     0.999996      5182889    238312.73
       87.04     0.999996      5182889    262144.00
       88.06     0.999996      5182890    275941.05
       88.58     0.999997      5182892    291271.11
       88.58     0.999997      5182892    308404.71
       89.09     0.999997      5182896    327680.00
       89.09     0.999997      5182896    349525.33
       89.09     0.999997      5182896    374491.43
       89.09     0.999998      5182896    403298.46
       89.60     0.999998      5182898    436906.67
       89.60     0.999998      5182898    476625.45
       90.11     0.999998      5182900    524288.00
       90.11     0.999998      5182900    551882.11
       90.11     0.999998      5182900    582542.22
       90.11     0.999998      5182900    616809.41
       91.14     0.999998      5182901    655360.00
       91.14     0.999999      5182901    699050.67
       91.65     0.999999      5182903    748982.86
       91.65     0.999999      5182903    806596.92
       91.65     0.999999      5182903    873813.33
       91.65     0.999999      5182903    953250.91
       92.16     0.999999      5182905   1048576.00
       92.16     0.999999      5182905   1103764.21
       92.16     0.999999      5182905   1165084.44
       92.16     0.999999      5182905   1233618.82
       92.16     0.999999      5182905   1310720.00
       92.16     0.999999      5182905   1398101.33
       92.16     0.999999      5182905   1497965.71
       92.16     0.999999      5182905   1613193.85
       95.23     0.999999      5182906   1747626.67
       95.23     0.999999      5182906   1906501.82
       95.23     1.000000      5182906   2097152.00
       95.23     1.000000      5182906   2207528.42
       95.23     1.000000      5182906   2330168.89
       95.23     1.000000      5182906   2467237.65
       96.25     1.000000      5182907   2621440.00
       96.25     1.000000      5182907   2796202.67
       96.25     1.000000      5182907   2995931.43
       96.25     1.000000      5182907   3226387.69
       96.25     1.000000      5182907   3495253.33
       96.25     1.000000      5182907   3813003.64
       96.25     1.000000      5182907   4194304.00
       96.25     1.000000      5182907   4415056.84
       96.25     1.000000      5182907   4660337.78
       96.25     1.000000      5182907   4934475.29
      109.57     1.000000      5182908   5242880.00
      109.57     1.000000      5182908          inf
#[Mean    =        2.110, StdDeviation   =        5.136]
#[Max     =      109.567, Total count    =      5182908]
#[Buckets =           10, SubBuckets     =          256]
