       Value   Percentile   TotalCount 1/(1-Percentile)

        0.14     0.000000            1         1.00
        1.25     0.050000      2863691         1.05
        1.27     0.100000      6303678         1.11
        1.29     0.150000     10520730         1.18
        1.29     0.200000     13395521         1.25
        1.30     0.250000     16816590         1.33
        1.31     0.300000     20743332         1.43
        1.31     0.350000     20743332         1.54
        1.32     0.400000     25048801         1.67
        1.33     0.450000     29521801         1.82
        1.33     0.500000     29521801         2.00
        1.33     0.525000     33883787         2.11
        1.33     0.550000     33883787         2.22
        1.33     0.575000     33883787         2.35
        1.34     0.600000     37862942         2.50
        1.34     0.625000     37862942         2.67
        1.34     0.650000     37862942         2.86
        1.35     0.675000     41261749         3.08
        1.35     0.700000     41261749         3.33
        1.36     0.725000     43978276         3.64
        1.36     0.750000     43978276         4.00
        1.36     0.762500     43978276         4.21
        1.37     0.775000     46025574         4.44
        1.37     0.787500     46025574         4.71
        1.37     0.800000     46025574         5.00
        1.38     0.812500     47501842         5.33
        1.38     0.825000     47501842         5.71
        1.38     0.837500     48536812         6.15
        1.38     0.850000     48536812         6.67
        1.39     0.862500     49246983         7.27
        1.41     0.875000     50069357         8.00
        1.42     0.881250     50306579         8.42
        1.43     0.887500     50603188         8.89
        1.48     0.893750     50969093         9.41
        2.40     0.900000     51312878        10.00
        2.53     0.906250     51702096        10.67
        2.58     0.912500     52244119        11.43
        2.59     0.918750     52510904        12.31
        2.61     0.925000     52825057        13.33
        2.62     0.931250     53186325        14.55
        2.64     0.937500     53580026        16.00
        2.65     0.940625     53984836        16.84
        2.65     0.943750     53984836        17.78
        2.65     0.946875     53984836        18.82
        2.67     0.950000     54366778        20.00
        2.67     0.953125     54366778        21.33
        2.69     0.956250     54696274        22.86
        2.69     0.959375     54696274        24.62
        2.70     0.962500     54951531        26.67
        2.72     0.965625     55131696        29.09
        2.73     0.968750     55249703        32.00
        2.75     0.970313     55322790        33.68
        2.80     0.971875     55410848        35.56
        3.69     0.973437     55496824        37.65
        4.29     0.975000     55596974        40.00
        4.32     0.976562     55684246        42.67
        4.35     0.978125     55794287        45.71
        4.38     0.979688     55863908        49.23
        5.41     0.981250     55942210        53.33
        6.46     0.982812     56031395        58.18
       28.54     0.984375     56120298        64.00
       33.53     0.985156     56165043        67.37
       35.84     0.985938     56215076        71.11
       37.38     0.986719     56256487        75.29
       38.91     0.987500     56298620        80.00
       40.45     0.988281     56355083        85.33
       40.96     0.989062     56392817        91.43
       41.47     0.989844     56452785        98.46
       41.73     0.990625     56486206       106.67
       42.24     0.991406     56553030       116.36
       42.49     0.992188     56584464       128.00
       42.75     0.992578     56615303       134.74
       42.75     0.992969     56615303       142.22
       43.01     0.993359     56645758       150.59
       43.26     0.993750     56675151       160.00
       43.52     0.994141     56702618       170.67
       43.52     0.994531     56702618       182.86
       43.77     0.994922     56728603       196.92
       44.03     0.995313     56754274       213.33
       44.29     0.995703     56777767       232.73
       44.54     0.996094     56799565       256.00
       44.54     0.996289     56799565       269.47
       44.80     0.996484     56819714       284.44
       45.05     0.996680     56839020       301.18
       45.05     0.996875     56839020       320.00
       45.31     0.997070     56856323       341.33
       45.31     0.997266     56856323       365.71
       45.57     0.997461     56872174       393.85
       45.82     0.997656     56886776       426.67
       46.08     0.997852     56900553       465.45
       46.08     0.998047     56900553       512.00
       46.34     0.998145     56912771       538.95
       46.34     0.998242     56912771       568.89
       46.59     0.998340     56923638       602.35
       46.59     0.998437     56923638       640.00
       46.85     0.998535     56933215       682.67
       46.85     0.998633     56933215       731.43
       47.10     0.998730     56941901       787.69
       47.36     0.998828     56949249       853.33
       47.62     0.998926     56955735       930.91
       47.62     0.999023     56955735      1024.00
       47.87     0.999072     56961714      1077.89
       47.87     0.999121     56961714      1137.78
       48.13     0.999170     56966902      1204.71
       48.13     0.999219     56966902      1280.00
       48.38     0.999268     56971213      1365.33
       48.64     0.999316     56975005      1462.86
       48.64     0.999365     56975005      1575.38
       48.90     0.999414     56978243      1706.67
       49.15     0.999463     56981152      1861.82
       49.41     0.999512     56983773      2048.00
       49.66     0.999536     56986101      2155.79
       49.66     0.999561     56986101      2275.56
       49.92     0.999585     56988088      2409.41
       50.17     0.999609     56990030      2560.00
       50.43     0.999634     56991728      2730.67
       50.43     0.999658     56991728      2925.71
       50.69     0.999683     56993205      3150.77
       50.94     0.999707     56994560      3413.33
       51.20     0.999731     56995846      3723.64
       51.45     0.999756     56997167      4096.00
       51.71     0.999768     56998345      4311.58
       51.97     0.999780     56999339      4551.11
       51.97     0.999792     56999339      4818.82
       52.22     0.999805     57000177      5120.00
       52.48     0.999817     57000938      5461.33
       52.73     0.999829     57001566      5851.43
       52.99     0.999841     57002058      6301.54
       53.50     0.999854     57002889      6826.67
       54.02     0.999866     57003481      7447.27
       54.78     0.999878     57004080      8192.00
       55.30     0.999884     57004453      8623.16
       55.81     0.999890     57004717      9102.22
       57.09     0.999896     57005119      9637.65
       58.11     0.999902     57005404     10240.00
       59.39     0.999908     57005777     10922.67
       60.67     0.999915     57006093     11702.86
       61.95     0.999921     57006450     12603.08
       63.74     0.999927     57006822     13653.33
       66.05     0.999933     57007232     14894.55
       68.09     0.999939     57007539     16384.00
       69.12     0.999942     57007719     17246.32
       69.63     0.999945     57007829     18204.44
       70.66     0.999948     57008032     19275.29
       71.68     0.999951     57008333     20480.00
       72.19     0.999954     57008459     21845.33
       72.70     0.999957     57008583     23405.71
       73.22     0.999960     57008740     25206.15
       74.24     0.999963     57008959     27306.67
       74.75     0.999966     57009093     29789.09
       75.78     0.999969     57009341     32768.00
       75.78     0.999971     57009341     34492.63
       76.29     0.999973     57009439     36408.89
       76.80     0.999974     57009500     38550.59
       77.31     0.999976     57009583     40960.00
       78.33     0.999977     57009704     43690.67
       78.85     0.999979     57009762     46811.43
       79.87     0.999980     57009853     50412.31
       80.38     0.999982     57009917     54613.33
       81.41     0.999983     57010044     59578.18
       81.92     0.999985     57010099     65536.00
       82.43     0.999986     57010156     68985.26
       82.94     0.999986     57010203     72817.78
       83.45     0.999987     57010247     77101.18
       83.97     0.999988     57010304     81920.00
       84.48     0.999989     57010375     87381.33
       84.48     0.999989     57010375     93622.86
       84.99     0.999990     57010430    100824.62
       85.50     0.999991     57010477    109226.67
       86.02     0.999992     57010526    119156.36
       86.02     0.999992     57010526    131072.00
       86.53     0.999993     57010564    137970.53
       87.04     0.999993     57010595    145635.56
       87.04     0.999994     57010595    154202.35
       87.55     0.999994     57010630    163840.00
       88.06     0.999994     57010653    174762.67
       88.58     0.999995     57010678    187245.71
       88.58     0.999995     57010678    201649.23
       89.09     0.999995     57010701    218453.33
       89.60     0.999996     57010730    238312.73
       90.11     0.999996     57010749    262144.00
       90.62     0.999996     57010757    275941.05
       91.14     0.999997     57010767    291271.11
       92.16     0.999997     57010780    308404.71
       93.69     0.999997     57010788    327680.00
       95.23     0.999997     57010799    349525.33
       98.30     0.999997     57010809    374491.43
      102.91     0.999998     57010819    403298.46
      108.54     0.999998     57010830    436906.67
      137.22     0.999998     57010841    476625.45
      206.85     0.999998     57010871    524288.00
      206.85     0.999998     57010871    551882.11
      206.85     0.999998     57010871    582542.22
      206.85     0.999998     57010871    616809.41
      207.87     0.999998     57010884    655360.00
      207.87     0.999999     57010884    699050.67
      207.87     0.999999     57010884    748982.86
      210.94     0.999999     57010894    806596.92
      211.97     0.999999     57010901    873813.33
      211.97     0.999999     57010901    953250.91
      212.99     0.999999     57010912   1048576.00
      212.99     0.999999     57010912   1103764.21
      212.99     0.999999     57010912   1165084.44
      242.69     0.999999     57010914   1233618.82
      244.74     0.999999     57010917   1310720.00
      247.81     0.999999     57010920   1398101.33
      249.85     0.999999     57010922   1497965.71
      252.93     0.999999     57010925   1613193.85
      256.00     0.999999     57010928   1747626.67
      258.05     0.999999     57010932   1906501.82
      259.07     1.000000     57010935   2097152.00
      259.07     1.000000     57010935   2207528.42
      260.10     1.000000     57010937   2330168.89
      260.10     1.000000     57010937   2467237.65
      262.14     1.000000     57010939   2621440.00
      264.19     1.000000     57010942   2796202.67
      264.19     1.000000     57010942   2995931.43
      266.24     1.000000     57010945   3226387.69
      266.24     1.000000     57010945   3495253.33
      268.29     1.000000     57010947   3813003.64
      268.29     1.000000     57010947   4194304.00
      270.33     1.000000     57010950   4415056.84
      270.33     1.000000     57010950   4660337.78
      270.33     1.000000     57010950   4934475.29
      270.33     1.000000     57010950   5242880.00
      270.33     1.000000     57010950   5592405.33
      272.38     1.000000     57010953   5991862.86
      272.38     1.000000     57010953   6452775.39
      272.38     1.000000     57010953   6990506.67
      272.38     1.000000     57010953   7626007.28
      274.43     1.000000     57010954   8388608.00
      274.43     1.000000     57010954   8830113.68
      274.43     1.000000     57010954   9320675.55
      276.48     1.000000     57010957   9868950.59
      276.48     1.000000     57010957  10485760.00
      276.48     1.000000     57010957  11184810.67
      276.48     1.000000     57010957  11983725.71
      276.48     1.000000     57010957  12905550.76
      276.48     1.000000     57010957  13981013.34
      276.48     1.000000     57010957  15252014.55
      276.48     1.000000     57010957  16777216.00
      276.48     1.000000     57010957  17660227.38
      276.48     1.000000     57010957  18641351.10
      278.53     1.000000     57010959  19737901.19
      278.53     1.000000     57010959  20971519.98
      278.53     1.000000     57010959  22369621.33
      278.53     1.000000     57010959  23967451.45
      278.53     1.000000     57010959  25811101.52
      278.53     1.000000     57010959  27962026.68
      278.53     1.000000     57010959  30504029.05
      278.53     1.000000     57010959  33554432.00
      278.53     1.000000     57010959  35320454.76
      278.53     1.000000     57010959  37282702.28
      278.53     1.000000     57010959  39475802.28
      278.53     1.000000     57010959  41943039.96
      278.53     1.000000     57010959  44739242.67
      278.53     1.000000     57010959  47934902.91
      278.53     1.000000     57010959  51622203.20
      278.53     1.000000     57010959  55924053.19
      280.57     1.000000     57010960  61008058.10
      280.57     1.000000     57010960          inf
#[Mean    =        2.104, StdDeviation   =        5.131]
#[Max     =      280.575, Total count    =     57010960]
#[Buckets =           10, SubBuckets     =          256]
