       Value   Percentile   TotalCount 1/(1-Percentile)

        0.14     0.000000            1         1.00
        1.25     0.050000      2626131         1.05
        1.27     0.100000      5783047         1.11
        1.29     0.150000      9647385         1.18
        1.29     0.200000     12278784         1.25
        1.30     0.250000     15406569         1.33
        1.31     0.300000     18992145         1.43
        1.31     0.350000     18992145         1.54
        1.32     0.400000     22917022         1.67
        1.33     0.450000     26986050         1.82
        1.33     0.500000     26986050         2.00
        1.33     0.525000     30946793         2.11
        1.33     0.550000     30946793         2.22
        1.33     0.575000     30946793         2.35
        1.34     0.600000     34550146         2.50
        1.34     0.625000     34550146         2.67
        1.34     0.650000     34550146         2.86
        1.35     0.675000     37620682         3.08
        1.35     0.700000     37620682         3.33
        1.35     0.725000     37620682         3.64
        1.36     0.750000     40069330         4.00
        1.36     0.762500     40069330         4.21
        1.37     0.775000     41910439         4.44
        1.37     0.787500     41910439         4.71
        1.37     0.800000     41910439         5.00
        1.38     0.812500     43235510         5.33
        1.38     0.825000     43235510         5.71
        1.38     0.837500     44163270         6.15
        1.38     0.850000     44163270         6.67
        1.39     0.862500     44798878         7.27
        1.41     0.875000     45535310         8.00
        1.42     0.881250     45747555         8.42
        1.43     0.887500     46013701         8.89
        1.48     0.893750     46343147         9.41
        2.38     0.900000     46645766        10.00
        2.53     0.906250     47009094        10.67
        2.56     0.912500     47300781        11.43
        2.59     0.918750     47745682        12.31
        2.61     0.925000     48031422        13.33
        2.62     0.931250     48359863        14.55
        2.64     0.937500     48717511        16.00
        2.65     0.940625     49084893        16.84
        2.65     0.943750     49084893        17.78
        2.65     0.946875     49084893        18.82
        2.67     0.950000     49431018        20.00
        2.67     0.953125     49431018        21.33
        2.69     0.956250     49729140        22.86
        2.69     0.959375     49729140        24.62
        2.70     0.962500     49959878        26.67
        2.72     0.965625     50122448        29.09
        2.73     0.968750     50228811        32.00
        2.75     0.970313     50294572        33.68
        2.80     0.971875     50373803        35.56
        3.69     0.973437     50451575        37.65
        4.29     0.975000     50543198        40.00
        4.32     0.976562     50623025        42.67
        4.35     0.978125     50723003        45.71
        4.38     0.979688     50785893        49.23
        5.41     0.981250     50856654        53.33
        6.43     0.982812     50937290        58.18
       28.54     0.984375     51018420        64.00
       33.53     0.985156     51059214        67.37
       35.84     0.985938     51104725        71.11
       37.38     0.986719     51142443        75.29
       38.91     0.987500     51180761        80.00
       40.19     0.988281     51220804        85.33
       40.96     0.989062     51266958        91.43
       41.47     0.989844     51321823        98.46
       41.73     0.990625     51352337       106.67
       41.98     0.991406     51383063       116.36
       42.49     0.992188     51441707       128.00
       42.75     0.992578     51469712       134.74
       42.75     0.992969     51469712       142.22
       43.01     0.993359     51497335       150.59
       43.26     0.993750     51523991       160.00
       43.52     0.994141     51548892       170.67
       43.52     0.994531     51548892       182.86
       43.77     0.994922     51572421       196.92
       44.03     0.995313     51595680       213.33
       44.29     0.995703     51616994       232.73
       44.54     0.996094     51636717       256.00
       44.54     0.996289     51636717       269.47
       44.80     0.996484     51654986       284.44
       45.05     0.996680     51672479       301.18
       45.05     0.996875     51672479       320.00
       45.31     0.997070     51688160       341.33
       45.31     0.997266     51688160       365.71
       45.57     0.997461     51702552       393.85
       45.82     0.997656     51715780       426.67
       46.08     0.997852     51728215       465.45
       46.08     0.998047     51728215       512.00
       46.34     0.998145     51739278       538.95
       46.34     0.998242     51739278       568.89
       46.59     0.998340     51749126       602.35
       46.59     0.998437     51749126       640.00
       46.85     0.998535     51757813       682.67
       46.85     0.998633     51757813       731.43
       47.10     0.998730     51765679       787.69
       47.36     0.998828     51772344       853.33
       47.62     0.998926     51778204       930.91
       47.62     0.999023     51778204      1024.00
       47.87     0.999072     51783597      1077.89
       47.87     0.999121     51783597      1137.78
       48.13     0.999170     51788269      1204.71
       48.13     0.999219     51788269      1280.00
       48.38     0.999268     51792157      1365.33
       48.64     0.999316     51795589      1462.86
       48.64     0.999365     51795589      1575.38
       48.90     0.999414     51798507      1706.67
       49.15     0.999463     51801141      1861.82
       49.41     0.999512     51803486      2048.00
       49.66     0.999536     51805582      2155.79
       49.66     0.999561     51805582      2275.56
       49.92     0.999585     51807363      2409.41
       50.17     0.999609     51809127      2560.00
       50.17     0.999634     51809127      2730.67
       50.43     0.999658     51810657      2925.71
       50.69     0.999683     51811980      3150.77
       50.94     0.999707     51813213      3413.33
       51.20     0.999731     51814369      3723.64
       51.45     0.999756     51815566      4096.00
       51.71     0.999768     51816614      4311.58
       51.97     0.999780     51817509      4551.11
       51.97     0.999792     51817509      4818.82
       52.22     0.999805     51818290      5120.00
       52.48     0.999817     51818986      5461.33
       52.73     0.999829     51819563      5851.43
       52.99     0.999841     51819993      6301.54
       53.50     0.999854     51820745      6826.67
       54.02     0.999866     51821267      7447.27
       54.78     0.999878     51821805      8192.00
       55.30     0.999884     51822148      8623.16
       55.81     0.999890     51822390      9102.22
       57.09     0.999896     51822737      9637.65
       58.11     0.999902     51822994     10240.00
       59.39     0.999908     51823340     10922.67
       60.67     0.999915     51823627     11702.86
       61.95     0.999921     51823949     12603.08
       63.74     0.999927     51824284     13653.33
       66.05     0.999933     51824657     14894.55
       68.09     0.999939     51824938     16384.00
       69.12     0.999942     51825099     17246.32
       70.14     0.999945     51825294     18204.44
       70.66     0.999948     51825378     19275.29
       71.68     0.999951     51825658     20480.00
       72.19     0.999954     51825775     21845.33
       72.70     0.999957     51825885     23405.71
       73.22     0.999960     51826028     25206.15
       74.24     0.999963     51826236     27306.67
       74.75     0.999966     51826361     29789.09
       75.26     0.999969     51826480     32768.00
       75.78     0.999971     51826594     34492.63
       76.29     0.999973     51826685     36408.89
       76.80     0.999974     51826741     38550.59
       77.31     0.999976     51826813     40960.00
       77.82     0.999977     51826870     43690.67
       78.85     0.999979     51826971     46811.43
       79.87     0.999980     51827043     50412.31
       80.89     0.999982     51827155     54613.33
       81.41     0.999983     51827218     59578.18
       81.92     0.999985     51827267     65536.00
       82.43     0.999986     51827317     68985.26
       82.94     0.999986     51827358     72817.78
       83.45     0.999987     51827398     77101.18
       83.97     0.999988     51827449     81920.00
       84.48     0.999989     51827512     87381.33
       84.48     0.999989     51827512     93622.86
       84.99     0.999990     51827561    100824.62
       85.50     0.999991     51827604    109226.67
       86.02     0.999992     51827642    119156.36
       86.53     0.999992     51827678    131072.00
       86.53     0.999993     51827678    137970.53
       87.04     0.999993     51827706    145635.56
       87.55     0.999994     51827741    154202.35
       87.55     0.999994     51827741    163840.00
       88.06     0.999994     51827763    174762.67
       88.58     0.999995     51827786    187245.71
       89.09     0.999995     51827805    201649.23
       89.60     0.999995     51827832    218453.33
       90.11     0.999996     51827849    238312.73
       90.62     0.999996     51827857    262144.00
       91.14     0.999996     51827866    275941.05
       92.16     0.999997     51827875    291271.11
       94.21     0.999997     51827888    308404.71
       95.74     0.999997     51827894    327680.00
       98.81     0.999997     51827904    349525.33
      103.42     0.999997     51827914    374491.43
      109.57     0.999998     51827924    403298.46
      205.82     0.999998     51827935    436906.67
      206.85     0.999998     51827963    476625.45
      206.85     0.999998     51827963    524288.00
      206.85     0.999998     51827963    551882.11
      207.87     0.999998     51827976    582542.22
      207.87     0.999998     51827976    616809.41
      207.87     0.999998     51827976    655360.00
      208.90     0.999999     51827978    699050.67
      210.94     0.999999     51827986    748982.86
      211.97     0.999999     51827993    806596.92
      211.97     0.999999     51827993    873813.33
      212.99     0.999999     51828004    953250.91
      212.99     0.999999     51828004   1048576.00
      242.69     0.999999     51828006   1103764.21
      244.74     0.999999     51828009   1165084.44
      245.76     0.999999     51828010   1233618.82
      248.83     0.999999     51828013   1310720.00
      250.88     0.999999     51828016   1398101.33
      253.95     0.999999     51828019   1497965.71
      256.00     0.999999     51828020   1613193.85
      258.05     0.999999     51828024   1747626.67
      259.07     0.999999     51828027   1906501.82
      260.10     1.000000     51828029   2097152.00
      260.10     1.000000     51828029   2207528.42
      261.12     1.000000     51828030   2330168.89
      262.14     1.000000     51828031   2467237.65
      264.19     1.000000     51828034   2621440.00
      264.19     1.000000     51828034   2796202.67
      266.24     1.000000     51828037   2995931.43
      266.24     1.000000     51828037   3226387.69
      268.29     1.000000     51828039   3495253.33
      268.29     1.000000     51828039   3813003.64
      270.33     1.000000     51828042   4194304.00
      270.33     1.000000     51828042   4415056.84
      270.33     1.000000     51828042   4660337.78
      270.33     1.000000     51828042   4934475.29
      272.38     1.000000     51828045   5242880.00
      272.38     1.000000     51828045   5592405.33
      272.38     1.000000     51828045   5991862.86
      272.38     1.000000     51828045   6452775.39
      272.38     1.000000     51828045   6990506.67
      274.43     1.000000     51828046   7626007.28
      274.43     1.000000     51828046   8388608.00
      276.48     1.000000     51828049   8830113.68
      276.48     1.000000     51828049   9320675.55
      276.48     1.000000     51828049   9868950.59
      276.48     1.000000     51828049  10485760.00
      276.48     1.000000     51828049  11184810.67
      276.48     1.000000     51828049  11983725.71
      276.48     1.000000     51828049  12905550.76
      276.48     1.000000     51828049  13981013.34
      276.48     1.000000     51828049  15252014.55
      276.48     1.000000     51828049  16777216.00
      278.53     1.000000     51828051  17660227.38
      278.53     1.000000     51828051  18641351.10
      278.53     1.000000     51828051  19737901.19
      278.53     1.000000     51828051  20971519.98
      278.53     1.000000     51828051  22369621.33
      278.53     1.000000     51828051  23967451.45
      278.53     1.000000     51828051  25811101.52
      278.53     1.000000     51828051  27962026.68
      278.53     1.000000     51828051  30504029.05
      278.53     1.000000     51828051  33554432.00
      278.53     1.000000     51828051  35320454.76
      278.53     1.000000     51828051  37282702.28
      278.53     1.000000     51828051  39475802.28
      278.53     1.000000     51828051  41943039.96
      278.53     1.000000     51828051  44739242.67
      278.53     1.000000     51828051  47934902.91
      278.53     1.000000     51828051  51622203.20
      280.57     1.000000     51828052  55924053.19
      280.57     1.000000     51828052          inf
#[Mean    =        2.103, StdDeviation   =        5.131]
#[Max     =      280.575, Total count    =     51828052]
#[Buckets =           10, SubBuckets     =          256]
