       Value   Percentile   TotalCount 1/(1-Percentile)

        0.06     0.000000            2         1.00
        1.39     0.050000      1199931         1.05
        1.42     0.100000      2169190         1.11
        1.43     0.150000      3050670         1.18
        1.45     0.200000      4101704         1.25
        1.46     0.250000      5115497         1.33
        1.48     0.300000      6410991         1.43
        1.49     0.350000      6931182         1.54
        1.50     0.400000      8227607         1.67
        1.51     0.450000      8831097         1.82
        1.53     0.500000     10005255         2.00
        1.53     0.525000     10659480         2.11
        1.54     0.550000     11161704         2.22
        1.54     0.575000     11161704         2.35
        1.55     0.600000     11667937         2.50
        1.56     0.625000     12277095         2.67
        1.57     0.650000     12820725         2.86
        1.57     0.675000     13246025         3.08
        1.58     0.700000     13721633         3.33
        1.59     0.725000     14244879         3.64
        1.60     0.750000     14692741         4.00
        1.61     0.762500     15057341         4.21
        1.61     0.775000     15057341         4.44
        1.61     0.787500     15460691         4.71
        1.62     0.800000     15882142         5.00
        1.62     0.812500     15882142         5.33
        1.63     0.825000     16235273         5.71
        1.64     0.837500     16526873         6.15
        1.64     0.850000     16526873         6.67
        1.65     0.862500     16831766         7.27
        1.66     0.875000     17144129         8.00
        1.66     0.881250     17144129         8.42
        1.66     0.887500     17396784         8.89
        1.66     0.893750     17396784         9.41
        1.67     0.900000     17596628        10.00
        1.67     0.906250     17596628        10.67
        1.68     0.912500     17806597        11.43
        1.69     0.918750     18021413        12.31
        1.69     0.925000     18021413        13.33
        1.70     0.931250     18187842        14.55
        1.70     0.937500     18315583        16.00
        1.70     0.940625     18315583        16.84
        1.71     0.943750     18448283        17.78
        1.71     0.946875     18448283        18.82
        1.71     0.950000     18448283        20.00
        1.72     0.953125     18577849        21.33
        1.72     0.956250     18577849        22.86
        1.73     0.959375     18675437        24.62
        1.74     0.962500     18749526        26.67
        1.74     0.965625     18749526        29.09
        1.74     0.968750     18828751        32.00
        1.75     0.970313     18903389        33.68
        1.75     0.971875     18903389        35.56
        1.75     0.973437     18903389        37.65
        1.76     0.975000     18955709        40.00
        1.77     0.976562     18994818        42.67
        1.77     0.978125     18994818        45.71
        1.77     0.979688     19035270        49.23
        1.78     0.981250     19071582        53.33
        1.79     0.982812     19096010        58.18
        1.80     0.984375     19114885        64.00
        1.81     0.985156     19133980        67.37
        1.81     0.985938     19151069        71.11
        1.82     0.986719     19162767        75.29
        1.83     0.987500     19172623        80.00
        1.85     0.988281     19190693        85.33
        1.86     0.989062     19202594        91.43
        1.89     0.989844     19217003        98.46
        1.92     0.990625     19229728       106.67
        2.00     0.991406     19244631       116.36
        2.14     0.992188     19260005       128.00
        2.24     0.992578     19268398       134.74
        2.33     0.992969     19274676       142.22
        2.51     0.993359     19282806       150.59
        2.70     0.993750     19289940       160.00
        2.81     0.994141     19298769       170.67
        2.86     0.994531     19305926       182.86
        2.91     0.994922     19314262       196.92
        2.94     0.995313     19320352       213.33
        2.99     0.995703     19329198       232.73
        3.04     0.996094     19337155       256.00
        3.06     0.996289     19339549       269.47
        3.09     0.996484     19344050       284.44
        3.12     0.996680     19348323       301.18
        3.15     0.996875     19352338       320.00
        3.18     0.997070     19356158       341.33
        3.21     0.997266     19359768       365.71
        3.25     0.997461     19362856       393.85
        3.29     0.997656     19366639       426.67
        3.36     0.997852     19370103       465.45
        3.47     0.998047     19373542       512.00
        3.57     0.998145     19375269       538.95
        3.69     0.998242     19377269       568.89
        3.82     0.998340     19379139       602.35
        3.95     0.998437     19381028       640.00
        4.08     0.998535     19382785       682.67
        4.22     0.998633     19384834       731.43
        4.35     0.998730     19386777       787.69
        4.48     0.998828     19388678       853.33
        4.61     0.998926     19390419       930.91
        4.77     0.999023     19392497      1024.00
        4.83     0.999072     19393374      1077.89
        4.89     0.999121     19394164      1137.78
        4.99     0.999170     19395358      1204.71
        5.05     0.999219     19396210      1280.00
        5.12     0.999268     19396985      1365.33
        5.21     0.999316     19398142      1462.86
        5.28     0.999365     19398918      1575.38
        5.38     0.999414     19400048      1706.67
        5.44     0.999463     19400744      1861.82
        5.54     0.999512     19401828      2048.00
        5.57     0.999536     19402167      2155.79
        5.63     0.999561     19402863      2275.56
        5.66     0.999585     19403176      2409.41
        5.73     0.999609     19403778      2560.00
        5.76     0.999634     19404092      2730.67
        5.82     0.999658     19404652      2925.71
        5.89     0.999683     19405197      3150.77
        5.92     0.999707     19405480      3413.33
        5.98     0.999731     19405973      3723.64
        6.05     0.999756     19406466      4096.00
        6.08     0.999768     19406702      4311.58
        6.11     0.999780     19406925      4551.11
        6.14     0.999792     19407191      4818.82
        6.17     0.999805     19407435      5120.00
        6.21     0.999817     19407701      5461.33
        6.24     0.999829     19407953      5851.43
        6.27     0.999841     19408187      6301.54
        6.30     0.999854     19408400      6826.67
        6.33     0.999866     19408623      7447.27
        6.37     0.999878     19408841      8192.00
        6.40     0.999884     19409077      8623.16
        6.40     0.999890     19409077      9102.22
        6.43     0.999896     19409316      9637.65
        6.43     0.999902     19409316     10240.00
        6.46     0.999908     19409535     10922.67
        6.46     0.999915     19409535     11702.86
        6.50     0.999921     19409728     12603.08
        6.50     0.999927     19409728     13653.33
        6.53     0.999933     19409904     14894.55
        6.56     0.999939     19410025     16384.00
        6.56     0.999942     19410025     17246.32
        6.59     0.999945     19410124     18204.44
        6.62     0.999948     19410207     19275.29
        6.62     0.999951     19410207     20480.00
        6.66     0.999954     19410273     21845.33
        6.69     0.999957     19410325     23405.71
        6.75     0.999960     19410394     25206.15
        6.82     0.999963     19410440     27306.67
        6.91     0.999966     19410505     29789.09
        7.07     0.999969     19410579     32768.00
        7.10     0.999971     19410594     34492.63
        7.20     0.999973     19410625     36408.89
        7.29     0.999974     19410653     38550.59
        7.39     0.999976     19410693     40960.00
        7.46     0.999977     19410711     43690.67
        7.55     0.999979     19410738     46811.43
        7.65     0.999980     19410773     50412.31
        7.74     0.999982     19410801     54613.33
        7.84     0.999983     19410843     59578.18
        7.87     0.999985     19410859     65536.00
        7.90     0.999986     19410872     68985.26
        8.06     0.999986     19410886     72817.78
        8.26     0.999987     19410900     77101.18
        8.51     0.999988     19410919     81920.00
        8.70     0.999989     19410933     87381.33
        8.96     0.999989     19410954     93622.86
        9.02     0.999990     19410957    100824.62
        9.28     0.999991     19410973    109226.67
        9.66     0.999992     19410988    119156.36
        9.92     0.999992     19411001    131072.00
       10.05     0.999993     19411011    137970.53
       10.18     0.999993     19411020    145635.56
       10.37     0.999994     19411025    154202.35
       10.43     0.999994     19411031    163840.00
       10.62     0.999994     19411038    174762.67
       10.81     0.999995     19411048    187245.71
       10.94     0.999995     19411056    201649.23
       11.13     0.999995     19411063    218453.33
       11.20     0.999996     19411068    238312.73
       11.39     0.999996     19411075    262144.00
       11.46     0.999996     19411080    275941.05
       11.65     0.999997     19411089    291271.11
       11.65     0.999997     19411089    308404.71
       11.71     0.999997     19411091    327680.00
       11.84     0.999997     19411099    349525.33
       11.84     0.999997     19411099    374491.43
       11.90     0.999998     19411102    403298.46
       12.03     0.999998     19411106    436906.67
       12.16     0.999998     19411113    476625.45
       12.16     0.999998     19411113    524288.00
       12.22     0.999998     19411114    551882.11
       12.29     0.999998     19411118    582542.22
       12.29     0.999998     19411118    616809.41
       12.35     0.999998     19411121    655360.00
       12.41     0.999999     19411124    699050.67
       12.41     0.999999     19411124    748982.86
       12.48     0.999999     19411126    806596.92
       12.54     0.999999     19411131    873813.33
       12.54     0.999999     19411131    953250.91
       12.54     0.999999     19411131   1048576.00
       12.61     0.999999     19411134   1103764.21
       12.61     0.999999     19411134   1165084.44
       12.61     0.999999     19411134   1233618.82
       12.67     0.999999     19411137   1310720.00
       12.67     0.999999     19411137   1398101.33
       12.67     0.999999     19411137   1497965.71
       12.67     0.999999     19411137   1613193.85
       12.73     0.999999     19411140   1747626.67
       12.73     0.999999     19411140   1906501.82
       12.73     1.000000     19411140   2097152.00
       12.80     1.000000     19411143   2207528.42
       12.80     1.000000     19411143   2330168.89
       12.80     1.000000     19411143   2467237.65
       12.80     1.000000     19411143   2621440.00
       12.80     1.000000     19411143   2796202.67
       12.80     1.000000     19411143   2995931.43
       12.80     1.000000     19411143   3226387.69
       12.86     1.000000     19411145   3495253.33
       12.86     1.000000     19411145   3813003.64
       12.86     1.000000     19411145   4194304.00
       12.86     1.000000     19411145   4415056.84
       12.86     1.000000     19411145   4660337.78
       12.93     1.000000     19411148   4934475.29
       12.93     1.000000     19411148   5242880.00
       12.93     1.000000     19411148   5592405.33
       12.93     1.000000     19411148   5991862.86
       12.93     1.000000     19411148   6452775.39
       12.93     1.000000     19411148   6990506.67
       12.93     1.000000     19411148   7626007.28
       12.93     1.000000     19411148   8388608.00
       12.93     1.000000     19411148   8830113.68
       12.93     1.000000     19411148   9320675.55
       12.93     1.000000     19411148   9868950.59
       12.93     1.000000     19411148  10485760.00
       12.93     1.000000     19411148  11184810.67
       12.93     1.000000     19411148  11983725.71
       12.93     1.000000     19411148  12905550.76
       12.93     1.000000     19411148  13981013.34
       12.93     1.000000     19411148  15252014.55
       12.93     1.000000     19411148  16777216.00
       12.93     1.000000     19411148  17660227.38
       12.93     1.000000     19411148  18641351.10
       12.99     1.000000     19411149  19737901.19
       12.99     1.000000     19411149          inf
#[Mean    =        1.545, StdDeviation   =        0.212]
#[Max     =       12.991, Total count    =     19411149]
#[Buckets =           10, SubBuckets     =          256]
