       Value   Percentile   TotalCount 1/(1-Percentile)

        0.06     0.000000            1         1.00
        1.28     0.050000      1115351         1.05
        1.30     0.100000      1975066         1.11
        1.33     0.150000      2986576         1.18
        1.34     0.200000      3671382         1.25
        1.37     0.250000      4630168         1.33
        1.39     0.300000      5507814         1.43
        1.42     0.350000      6356212         1.54
        1.44     0.400000      7241881         1.67
        1.46     0.450000      8185597         1.82
        1.49     0.500000      9185764         2.00
        1.50     0.525000      9515946         2.11
        1.51     0.550000     10193867         2.22
        1.52     0.575000     10521115         2.35
        1.53     0.600000     11171174         2.50
        1.54     0.625000     11497506         2.67
        1.55     0.650000     11807521         2.86
        1.57     0.675000     12425599         3.08
        1.57     0.700000     12728635         3.33
        1.59     0.725000     13315280         3.64
        1.60     0.750000     13598353         4.00
        1.61     0.762500     13874625         4.21
        1.61     0.775000     14149807         4.44
        1.62     0.787500     14406642         4.71
        1.63     0.800000     14653576         5.00
        1.64     0.812500     14894117         5.33
        1.65     0.825000     15137688         5.71
        1.66     0.837500     15359689         6.15
        1.66     0.850000     15565486         6.67
        1.67     0.862500     15755967         7.27
        1.68     0.875000     15948086         8.00
        1.68     0.881250     15948086         8.42
        1.69     0.887500     16127103         8.89
        1.70     0.893750     16284081         9.41
        1.70     0.900000     16284081        10.00
        1.70     0.906250     16416207        10.67
        1.71     0.912500     16554352        11.43
        1.72     0.918750     16694418        12.31
        1.73     0.925000     16813780        13.33
        1.74     0.931250     16903000        14.55
        1.74     0.937500     17000907        16.00
        1.75     0.940625     17111360        16.84
        1.75     0.943750     17111360        17.78
        1.76     0.946875     17207046        18.82
        1.76     0.950000     17207046        20.00
        1.77     0.953125     17272651        21.33
        1.77     0.956250     17339836        22.86
        1.78     0.959375     17419896        24.62
        1.78     0.962500     17419896        26.67
        1.79     0.965625     17491032        29.09
        1.80     0.968750     17536710        32.00
        1.81     0.970313     17578730        33.68
        1.81     0.971875     17630039        35.56
        1.81     0.973437     17630039        37.65
        1.82     0.975000     17677069        40.00
        1.82     0.976562     17677069        42.67
        1.83     0.978125     17706573        45.71
        1.84     0.979688     17730517        49.23
        1.85     0.981250     17760414        53.33
        1.85     0.982812     17788363        58.18
        1.87     0.984375     17821039        64.00
        1.88     0.985156     17838150        67.37
        1.88     0.985938     17838150        71.11
        1.89     0.986719     17855121        75.29
        1.90     0.987500     17866754        80.00
        1.91     0.988281     17885324        85.33
        1.92     0.989062     17895118        91.43
        1.94     0.989844     17910735        98.46
        1.97     0.990625     17920693       106.67
        2.04     0.991406     17934970       116.36
        2.21     0.992188     17949929       128.00
        2.32     0.992578     17956666       134.74
        2.46     0.992969     17963233       142.22
        2.56     0.993359     17971090       150.59
        2.61     0.993750     17978561       160.00
        2.65     0.994141     17986482       170.67
        2.70     0.994531     17992772       182.86
        2.77     0.994922     17999005       196.92
        2.85     0.995313     18006005       213.33
        2.91     0.995703     18012858       232.73
        2.98     0.996094     18020911       256.00
        3.01     0.996289     18024733       269.47
        3.02     0.996484     18026630       284.44
        3.07     0.996680     18031435       301.18
        3.10     0.996875     18034230       320.00
        3.15     0.997070     18038083       341.33
        3.18     0.997266     18040751       365.71
        3.23     0.997461     18044667       393.85
        3.28     0.997656     18048055       426.67
        3.34     0.997852     18051760       465.45
        3.44     0.998047     18055116       512.00
        3.50     0.998145     18057049       538.95
        3.57     0.998242     18058622       568.89
        3.66     0.998340     18060311       602.35
        3.79     0.998437     18062114       640.00
        3.92     0.998535     18063705       682.67
        4.06     0.998633     18065543       731.43
        4.22     0.998730     18067493       787.69
        4.35     0.998828     18069007       853.33
        4.51     0.998926     18070813       930.91
        4.67     0.999023     18072785      1024.00
        4.74     0.999072     18073469      1077.89
        4.83     0.999121     18074647      1137.78
        4.89     0.999170     18075367      1204.71
        4.99     0.999219     18076401      1280.00
        5.05     0.999268     18077110      1365.33
        5.15     0.999316     18078193      1462.86
        5.21     0.999365     18078861      1575.38
        5.31     0.999414     18079859      1706.67
        5.38     0.999463     18080502      1861.82
        5.47     0.999512     18081447      2048.00
        5.54     0.999536     18082086      2155.79
        5.57     0.999561     18082404      2275.56
        5.63     0.999585     18082940      2409.41
        5.66     0.999609     18083261      2560.00
        5.73     0.999634     18083793      2730.67
        5.76     0.999658     18084057      2925.71
        5.82     0.999683     18084566      3150.77
        5.89     0.999707     18085037      3413.33
        5.95     0.999731     18085465      3723.64
        6.01     0.999756     18085886      4096.00
        6.05     0.999768     18086083      4311.58
        6.08     0.999780     18086279      4551.11
        6.11     0.999792     18086467      4818.82
        6.17     0.999805     18086850      5120.00
        6.21     0.999817     18087051      5461.33
        6.24     0.999829     18087231      5851.43
        6.27     0.999841     18087464      6301.54
        6.30     0.999854     18087679      6826.67
        6.33     0.999866     18087900      7447.27
        6.37     0.999878     18088101      8192.00
        6.40     0.999884     18088339      8623.16
        6.40     0.999890     18088339      9102.22
        6.40     0.999896     18088339      9637.65
        6.43     0.999902     18088554     10240.00
        6.43     0.999908     18088554     10922.67
        6.46     0.999915     18088740     11702.86
        6.50     0.999921     18088924     12603.08
        6.50     0.999927     18088924     13653.33
        6.53     0.999933     18089052     14894.55
        6.56     0.999939     18089183     16384.00
        6.56     0.999942     18089183     17246.32
        6.59     0.999945     18089288     18204.44
        6.59     0.999948     18089288     19275.29
        6.62     0.999951     18089382     20480.00
        6.62     0.999954     18089382     21845.33
        6.66     0.999957     18089435     23405.71
        6.69     0.999960     18089491     25206.15
        6.75     0.999963     18089565     27306.67
        6.82     0.999966     18089621     29789.09
        6.88     0.999969     18089659     32768.00
        6.94     0.999971     18089683     34492.63
        7.04     0.999973     18089716     36408.89
        7.17     0.999974     18089745     38550.59
        7.26     0.999976     18089768     40960.00
        7.33     0.999977     18089805     43690.67
        7.39     0.999979     18089818     46811.43
        7.55     0.999980     18089851     50412.31
        7.65     0.999982     18089873     54613.33
        7.81     0.999983     18089902     59578.18
        7.97     0.999985     18089931     65536.00
        8.03     0.999986     18089944     68985.26
        8.10     0.999986     18089958     72817.78
        8.26     0.999987     18090000     77101.18
        8.26     0.999988     18090000     81920.00
        8.26     0.999989     18090000     87381.33
        8.45     0.999989     18090015     93622.86
        8.51     0.999990     18090035    100824.62
        8.57     0.999991     18090055    109226.67
        8.57     0.999992     18090055    119156.36
        8.77     0.999992     18090067    131072.00
        8.96     0.999993     18090077    137970.53
        9.02     0.999993     18090083    145635.56
        9.09     0.999994     18090092    154202.35
        9.15     0.999994     18090095    163840.00
        9.34     0.999994     18090102    174762.67
        9.60     0.999995     18090121    187245.71
        9.60     0.999995     18090121    201649.23
        9.66     0.999995     18090125    218453.33
        9.73     0.999996     18090136    238312.73
        9.73     0.999996     18090136    262144.00
        9.86     0.999996     18090141    275941.05
        9.92     0.999997     18090142    291271.11
        9.98     0.999997     18090151    308404.71
        9.98     0.999997     18090151    327680.00
       10.05     0.999997     18090153    349525.33
       10.18     0.999997     18090165    374491.43
       10.18     0.999998     18090165    403298.46
       10.18     0.999998     18090165    436906.67
       10.30     0.999998     18090173    476625.45
       10.30     0.999998     18090173    524288.00
       10.30     0.999998     18090173    551882.11
       10.30     0.999998     18090173    582542.22
       10.37     0.999998     18090176    616809.41
       10.43     0.999998     18090177    655360.00
       10.49     0.999999     18090180    699050.67
       10.49     0.999999     18090180    748982.86
       10.62     0.999999     18090182    806596.92
       10.69     0.999999     18090184    873813.33
       10.81     0.999999     18090187    953250.91
       10.81     0.999999     18090187   1048576.00
       10.94     0.999999     18090189   1103764.21
       10.94     0.999999     18090189   1165084.44
       11.01     0.999999     18090193   1233618.82
       11.01     0.999999     18090193   1310720.00
       11.01     0.999999     18090193   1398101.33
       11.01     0.999999     18090193   1497965.71
       11.01     0.999999     18090193   1613193.85
       11.13     0.999999     18090195   1747626.67
       11.13     0.999999     18090195   1906501.82
       11.33     1.000000     18090196   2097152.00
       11.33     1.000000     18090196   2207528.42
       11.39     1.000000     18090197   2330168.89
       11.39     1.000000     18090197   2467237.65
       11.52     1.000000     18090198   2621440.00
       11.52     1.000000     18090198   2796202.67
       11.52     1.000000     18090198   2995931.43
       11.58     1.000000     18090201   3226387.69
       11.58     1.000000     18090201   3495253.33
       11.58     1.000000     18090201   3813003.64
       11.58     1.000000     18090201   4194304.00
       11.58     1.000000     18090201   4415056.84
       11.58     1.000000     18090201   4660337.78
       11.58     1.000000     18090201   4934475.29
       11.58     1.000000     18090201   5242880.00
       11.58     1.000000     18090201   5592405.33
       11.58     1.000000     18090201   5991862.86
       11.65     1.000000     18090202   6452775.39
       11.65     1.000000     18090202   6990506.67
       11.65     1.000000     18090202   7626007.28
       11.65     1.000000     18090202   8388608.00
       11.65     1.000000     18090202   8830113.68
       11.84     1.000000     18090204   9320675.55
       11.84     1.000000     18090204          inf
#[Mean    =        1.503, StdDeviation   =        0.238]
#[Max     =       11.839, Total count    =     18090204]
#[Buckets =           10, SubBuckets     =          256]
