       Value   Percentile   TotalCount 1/(1-Percentile)

        0.17     0.000000            1         1.00
        4.45     0.050000        37473         1.05
        4.51     0.100000        60412         1.11
        4.58     0.150000        97882         1.18
        4.61     0.200000       126513         1.25
        4.64     0.250000       156899         1.33
        4.70     0.300000       212250         1.43
        4.70     0.350000       212250         1.54
        4.74     0.400000       242419         1.67
        4.77     0.450000       263157         1.82
        4.80     0.500000       302820         2.00
        4.83     0.525000       329704         2.11
        4.83     0.550000       329704         2.22
        4.86     0.575000       350314         2.35
        4.86     0.600000       350314         2.50
        4.89     0.625000       384111         2.67
        4.89     0.650000       384111         2.86
        4.93     0.675000       405373         3.08
        4.96     0.700000       422665         3.33
        4.96     0.725000       422665         3.64
        4.99     0.750000       446678         4.00
        4.99     0.762500       446678         4.21
        5.02     0.775000       462241         4.44
        5.02     0.787500       462241         4.71
        5.05     0.800000       475192         5.00
        5.05     0.812500       475192         5.33
        5.09     0.825000       490280         5.71
        5.09     0.837500       490280         6.15
        5.12     0.850000       500739         6.67
        5.15     0.862500       509979         7.27
        5.15     0.875000       509979         8.00
        5.18     0.881250       519116         8.42
        5.18     0.887500       519116         8.89
        5.21     0.893750       525925         9.41
        5.21     0.900000       525925        10.00
        5.25     0.906250       532115        10.67
        5.25     0.912500       532115        11.43
        5.28     0.918750       537489        12.31
        5.31     0.925000       541671        13.33
        5.34     0.931250       545433        14.55
        5.38     0.937500       548418        16.00
        5.38     0.940625       548418        16.84
        5.41     0.943750       551032        17.78
        5.44     0.946875       553549        18.82
        5.44     0.950000       553549        20.00
        5.47     0.953125       555528        21.33
        5.50     0.956250       557264        22.86
        5.54     0.959375       558947        24.62
        5.60     0.962500       561436        26.67
        5.63     0.965625       562656        29.09
        5.70     0.968750       564496        32.00
        5.73     0.970313       565373        33.68
        5.79     0.971875       566810        35.56
        5.82     0.973437       567540        37.65
        5.86     0.975000       568146        40.00
        5.92     0.976562       569283        42.67
        5.98     0.978125       570214        45.71
        6.05     0.979688       570959        49.23
        6.14     0.981250       571950        53.33
        6.24     0.982812       572792        58.18
        6.33     0.984375       573522        64.00
        6.43     0.985156       574122        67.37
        6.50     0.985938       574464        71.11
        6.59     0.986719       574937        75.29
        6.69     0.987500       575356        80.00
        6.82     0.988281       575897        85.33
        6.91     0.989062       576271        91.43
        7.04     0.989844       576741        98.46
        7.17     0.990625       577166       106.67
        7.33     0.991406       577678       116.36
        7.46     0.992188       578069       128.00
        7.55     0.992578       578309       134.74
        7.65     0.992969       578548       142.22
        7.74     0.993359       578766       150.59
        7.87     0.993750       579012       160.00
        8.00     0.994141       579236       170.67
        8.13     0.994531       579445       182.86
        8.32     0.994922       579666       196.92
        8.51     0.995313       579900       213.33
        8.77     0.995703       580134       232.73
        9.02     0.996094       580354       256.00
        9.15     0.996289       580456       269.47
        9.34     0.996484       580599       284.44
        9.47     0.996680       580686       301.18
        9.66     0.996875       580823       320.00
        9.79     0.997070       580909       341.33
        9.98     0.997266       581034       365.71
       10.18     0.997461       581152       393.85
       10.37     0.997656       581266       426.67
       10.56     0.997852       581387       465.45
       10.75     0.998047       581491       512.00
       10.81     0.998145       581532       538.95
       10.94     0.998242       581590       568.89
       11.07     0.998340       581658       602.35
       11.20     0.998437       581720       640.00
       11.33     0.998535       581772       682.67
       11.46     0.998633       581832       731.43
       11.58     0.998730       581885       787.69
       11.71     0.998828       581937       853.33
       11.90     0.998926       582003       930.91
       12.03     0.999023       582051      1024.00
       12.16     0.999072       582088      1077.89
       12.22     0.999121       582107      1137.78
       12.35     0.999170       582138      1204.71
       12.41     0.999219       582159      1280.00
       12.54     0.999268       582194      1365.33
       12.73     0.999316       582222      1462.86
       12.86     0.999365       582253      1575.38
       12.99     0.999414       582270      1706.67
       13.18     0.999463       582301      1861.82
       13.44     0.999512       582335      2048.00
       13.50     0.999536       582343      2155.79
       13.63     0.999561       582362      2275.56
       13.70     0.999585       582372      2409.41
       13.82     0.999609       582386      2560.00
       13.95     0.999634       582399      2730.67
       14.14     0.999658       582417      2925.71
       14.27     0.999683       582430      3150.77
       14.46     0.999707       582444      3413.33
       14.65     0.999731       582456      3723.64
       14.97     0.999756       582474      4096.00
       15.10     0.999768       582478      4311.58
       15.29     0.999780       582487      4551.11
       15.49     0.999792       582493      4818.82
       15.62     0.999805       582498      5120.00
       15.87     0.999817       582508      5461.33
       16.06     0.999829       582515      5851.43
       16.25     0.999841       582521      6301.54
       16.38     0.999854       582527      6826.67
       16.64     0.999866       582534      7447.27
       16.77     0.999878       582542      8192.00
       16.89     0.999884       582544      8623.16
       17.02     0.999890       582549      9102.22
       17.15     0.999896       582553      9637.65
       17.28     0.999902       582556     10240.00
       17.41     0.999908       582562     10922.67
       17.41     0.999915       582562     11702.86
       17.54     0.999921       582565     12603.08
       17.79     0.999927       582575     13653.33
       17.79     0.999933       582575     14894.55
       17.92     0.999939       582576     16384.00
       18.05     0.999942       582580     17246.32
       18.05     0.999945       582580     18204.44
       18.18     0.999948       582582     19275.29
       18.30     0.999951       582585     20480.00
       18.30     0.999954       582585     21845.33
       18.43     0.999957       582588     23405.71
       18.43     0.999960       582588     25206.15
       18.56     0.999963       582590     27306.67
       18.69     0.999966       582594     29789.09
       18.69     0.999969       582594     32768.00
       18.82     0.999971       582596     34492.63
       18.82     0.999973       582596     36408.89
       18.82     0.999974       582596     38550.59
       18.94     0.999976       582598     40960.00
       18.94     0.999977       582598     43690.67
       19.07     0.999979       582602     46811.43
       19.07     0.999980       582602     50412.31
       19.07     0.999982       582602     54613.33
       19.07     0.999983       582602     59578.18
       19.20     0.999985       582605     65536.00
       19.20     0.999986       582605     68985.26
       19.20     0.999986       582605     72817.78
       19.20     0.999987       582605     77101.18
       19.20     0.999988       582605     81920.00
       19.20     0.999989       582605     87381.33
       19.20     0.999989       582605     93622.86
       19.33     0.999990       582606    100824.62
       19.33     0.999991       582606    109226.67
       19.45     0.999992       582608    119156.36
       19.45     0.999992       582608    131072.00
       19.45     0.999993       582608    137970.53
       19.45     0.999993       582608    145635.56
       19.45     0.999994       582608    154202.35
       19.45     0.999994       582608    163840.00
       19.45     0.999994       582608    174762.67
       19.45     0.999995       582608    187245.71
       19.97     0.999995       582609    201649.23
       19.97     0.999995       582609    218453.33
       19.97     0.999996       582609    238312.73
       19.97     0.999996       582609    262144.00
       19.97     0.999996       582609    275941.05
       19.97     0.999997       582609    291271.11
       20.22     0.999997       582610    308404.71
       20.22     0.999997       582610    327680.00
       20.22     0.999997       582610    349525.33
       20.22     0.999997       582610    374491.43
       20.22     0.999998       582610    403298.46
       20.22     0.999998       582610    436906.67
       20.22     0.999998       582610    476625.45
       20.22     0.999998       582610    524288.00
       20.22     0.999998       582610    551882.11
       20.22     0.999998       582610    582542.22
       20.35     0.999998       582611    616809.41
       20.35     1.000000       582611          inf
#[Mean    =        4.866, StdDeviation   =        0.605]
#[Max     =       20.351, Total count    =       582611]
#[Buckets =           10, SubBuckets     =          256]
