       Value   Percentile   TotalCount 1/(1-Percentile)

        0.06     0.000000            2         1.00
        1.38     0.050000       883904         1.05
        1.42     0.100000      2081111         1.11
        1.43     0.150000      2911100         1.18
        1.45     0.200000      3889792         1.25
        1.46     0.250000      4828928         1.33
        1.47     0.300000      5416146         1.43
        1.49     0.350000      6499295         1.54
        1.50     0.400000      7684454         1.67
        1.51     0.450000      8236753         1.82
        1.53     0.500000      9304016         2.00
        1.53     0.525000      9304016         2.11
        1.53     0.550000      9899239         2.22
        1.54     0.575000     10355038         2.35
        1.55     0.600000     10811152         2.50
        1.56     0.625000     11361335         2.67
        1.57     0.650000     11853937         2.86
        1.57     0.675000     12237332         3.08
        1.58     0.700000     12663562         3.33
        1.59     0.725000     13134741         3.64
        1.60     0.750000     13538610         4.00
        1.60     0.762500     13538610         4.21
        1.61     0.775000     13864187         4.44
        1.61     0.787500     14222278         4.71
        1.61     0.800000     14222278         5.00
        1.62     0.812500     14598265         5.33
        1.62     0.825000     14598265         5.71
        1.63     0.837500     14913754         6.15
        1.64     0.850000     15170753         6.67
        1.65     0.862500     15438200         7.27
        1.66     0.875000     15713038         8.00
        1.66     0.881250     15713038         8.42
        1.66     0.887500     15713038         8.89
        1.66     0.893750     15934654         9.41
        1.66     0.900000     15934654        10.00
        1.67     0.906250     16107732        10.67
        1.67     0.912500     16107732        11.43
        1.68     0.918750     16289126        12.31
        1.69     0.925000     16475818        13.33
        1.69     0.931250     16475818        14.55
        1.70     0.937500     16619418        16.00
        1.70     0.940625     16619418        16.84
        1.70     0.943750     16728404        17.78
        1.70     0.946875     16728404        18.82
        1.71     0.950000     16841390        20.00
        1.71     0.953125     16841390        21.33
        1.72     0.956250     16951744        22.86
        1.72     0.959375     16951744        24.62
        1.73     0.962500     17034438        26.67
        1.74     0.965625     17096400        29.09
        1.74     0.968750     17096400        32.00
        1.74     0.970313     17162551        33.68
        1.74     0.971875     17162551        35.56
        1.75     0.973437     17224992        37.65
        1.75     0.975000     17224992        40.00
        1.76     0.976562     17268527        42.67
        1.76     0.978125     17268527        45.71
        1.77     0.979688     17300617        49.23
        1.77     0.981250     17333824        53.33
        1.78     0.982812     17363346        58.18
        1.79     0.984375     17383111        64.00
        1.80     0.985156     17398220        67.37
        1.80     0.985938     17398220        71.11
        1.81     0.986719     17413541        75.29
        1.81     0.987500     17427336        80.00
        1.83     0.988281     17444640        85.33
        1.85     0.989062     17459021        91.43
        1.86     0.989844     17468604        98.46
        1.90     0.990625     17483018       106.67
        1.94     0.991406     17495118       116.36
        2.08     0.992188     17509266       128.00
        2.17     0.992578     17515834       134.74
        2.29     0.992969     17523010       142.22
        2.45     0.993359     17529531       150.59
        2.64     0.993750     17536025       160.00
        2.80     0.994141     17544239       170.67
        2.85     0.994531     17550332       182.86
        2.90     0.994922     17557650       196.92
        2.94     0.995313     17565649       213.33
        2.98     0.995703     17571118       232.73
        3.02     0.996094     17578529       256.00
        3.04     0.996289     17580838       269.47
        3.07     0.996484     17584963       284.44
        3.10     0.996680     17588844       301.18
        3.13     0.996875     17592557       320.00
        3.17     0.997070     17596055       341.33
        3.20     0.997266     17599450       365.71
        3.23     0.997461     17602433       393.85
        3.26     0.997656     17604975       426.67
        3.33     0.997852     17608795       465.45
        3.42     0.998047     17612062       512.00
        3.50     0.998145     17613631       538.95
        3.62     0.998242     17615285       568.89
        3.74     0.998340     17616958       602.35
        3.89     0.998437     17618780       640.00
        4.03     0.998535     17620581       682.67
        4.16     0.998633     17622179       731.43
        4.29     0.998730     17623917       787.69
        4.42     0.998828     17625637       853.33
        4.58     0.998926     17627683       930.91
        4.70     0.999023     17629196      1024.00
        4.77     0.999072     17629884      1077.89
        4.86     0.999121     17630998      1137.78
        4.93     0.999170     17631776      1204.71
        5.02     0.999219     17632791      1280.00
        5.09     0.999268     17633554      1365.33
        5.15     0.999316     17634259      1462.86
        5.25     0.999365     17635306      1575.38
        5.31     0.999414     17635962      1706.67
        5.41     0.999463     17636969      1861.82
        5.47     0.999512     17637622      2048.00
        5.54     0.999536     17638240      2155.79
        5.57     0.999561     17638550      2275.56
        5.63     0.999585     17639179      2409.41
        5.66     0.999609     17639459      2560.00
        5.73     0.999634     17639996      2730.67
        5.76     0.999658     17640276      2925.71
        5.82     0.999683     17640779      3150.77
        5.89     0.999707     17641272      3413.33
        5.92     0.999731     17641516      3723.64
        5.98     0.999756     17641950      4096.00
        6.01     0.999768     17642160      4311.58
        6.05     0.999780     17642381      4551.11
        6.08     0.999792     17642585      4818.82
        6.14     0.999805     17643009      5120.00
        6.14     0.999817     17643009      5461.33
        6.17     0.999829     17643224      5851.43
        6.21     0.999841     17643456      6301.54
        6.24     0.999854     17643683      6826.67
        6.27     0.999866     17643891      7447.27
        6.30     0.999878     17644083      8192.00
        6.33     0.999884     17644282      8623.16
        6.37     0.999890     17644473      9102.22
        6.37     0.999896     17644473      9637.65
        6.40     0.999902     17644679     10240.00
        6.40     0.999908     17644679     10922.67
        6.43     0.999915     17644886     11702.86
        6.43     0.999921     17644886     12603.08
        6.46     0.999927     17645074     13653.33
        6.46     0.999933     17645074     14894.55
        6.50     0.999939     17645240     16384.00
        6.50     0.999942     17645240     17246.32
        6.53     0.999945     17645393     18204.44
        6.53     0.999948     17645393     19275.29
        6.53     0.999951     17645393     20480.00
        6.56     0.999954     17645499     21845.33
        6.56     0.999957     17645499     23405.71
        6.59     0.999960     17645586     25206.15
        6.62     0.999963     17645665     27306.67
        6.62     0.999966     17645665     29789.09
        6.66     0.999969     17645720     32768.00
        6.69     0.999971     17645767     34492.63
        6.69     0.999973     17645767     36408.89
        6.72     0.999974     17645803     38550.59
        6.75     0.999976     17645825     40960.00
        6.78     0.999977     17645852     43690.67
        6.82     0.999979     17645865     46811.43
        6.88     0.999980     17645891     50412.31
        6.91     0.999982     17645918     54613.33
        7.01     0.999983     17645940     59578.18
        7.07     0.999985     17645975     65536.00
        7.10     0.999986     17645988     68985.26
        7.13     0.999986     17645995     72817.78
        7.23     0.999987     17646012     77101.18
        7.29     0.999988     17646023     81920.00
        7.39     0.999989     17646053     87381.33
        7.39     0.999989     17646053     93622.86
        7.46     0.999990     17646066    100824.62
        7.52     0.999991     17646081    109226.67
        7.58     0.999992     17646101    119156.36
        7.58     0.999992     17646101    131072.00
        7.65     0.999993     17646110    137970.53
        7.68     0.999993     17646115    145635.56
        7.74     0.999994     17646135    154202.35
        7.74     0.999994     17646135    163840.00
        7.74     0.999994     17646135    174762.67
        7.81     0.999995     17646147    187245.71
        7.84     0.999995     17646168    201649.23
        7.84     0.999995     17646168    218453.33
        7.84     0.999996     17646168    238312.73
        7.84     0.999996     17646168    262144.00
        7.87     0.999996     17646182    275941.05
        7.87     0.999997     17646182    291271.11
        7.87     0.999997     17646182    308404.71
        7.87     0.999997     17646182    327680.00
        7.90     0.999997     17646194    349525.33
        7.90     0.999997     17646194    374491.43
        7.90     0.999998     17646194    403298.46
        7.93     0.999998     17646195    436906.67
        7.97     0.999998     17646198    476625.45
        8.19     0.999998     17646204    524288.00
        8.19     0.999998     17646204    551882.11
        8.26     0.999998     17646205    582542.22
        8.32     0.999998     17646207    616809.41
        8.45     0.999998     17646209    655360.00
        8.57     0.999999     17646210    699050.67
        8.70     0.999999     17646213    748982.86
        8.83     0.999999     17646214    806596.92
        8.96     0.999999     17646225    873813.33
        8.96     0.999999     17646225    953250.91
        8.96     0.999999     17646225   1048576.00
        8.96     0.999999     17646225   1103764.21
        8.96     0.999999     17646225   1165084.44
        8.96     0.999999     17646225   1233618.82
        8.96     0.999999     17646225   1310720.00
        8.96     0.999999     17646225   1398101.33
        8.96     0.999999     17646225   1497965.71
        8.96     0.999999     17646225   1613193.85
        8.96     0.999999     17646225   1747626.67
        9.09     0.999999     17646226   1906501.82
        9.15     1.000000     17646227   2097152.00
        9.28     1.000000     17646228   2207528.42
        9.28     1.000000     17646228   2330168.89
        9.28     1.000000     17646228   2467237.65
        9.73     1.000000     17646229   2621440.00
        9.73     1.000000     17646229   2796202.67
        9.86     1.000000     17646230   2995931.43
        9.86     1.000000     17646230   3226387.69
        9.86     1.000000     17646230   3495253.33
        9.98     1.000000     17646233   3813003.64
        9.98     1.000000     17646233   4194304.00
        9.98     1.000000     17646233   4415056.84
        9.98     1.000000     17646233   4660337.78
        9.98     1.000000     17646233   4934475.29
        9.98     1.000000     17646233   5242880.00
        9.98     1.000000     17646233   5592405.33
        9.98     1.000000     17646233   5991862.86
        9.98     1.000000     17646233   6452775.39
        9.98     1.000000     17646233   6990506.67
        9.98     1.000000     17646233   7626007.28
        9.98     1.000000     17646233   8388608.00
       10.05     1.000000     17646234   8830113.68
       10.05     1.000000     17646234   9320675.55
       10.05     1.000000     17646234   9868950.59
       10.05     1.000000     17646234  10485760.00
       10.05     1.000000     17646234  11184810.67
       10.05     1.000000     17646234  11983725.71
       10.05     1.000000     17646234  12905550.76
       10.05     1.000000     17646234  13981013.34
       10.05     1.000000     17646234  15252014.55
       10.05     1.000000     17646234  16777216.00
       10.37     1.000000     17646235  17660227.38
       10.37     1.000000     17646235          inf
#[Mean    =        1.541, StdDeviation   =        0.207]
#[Max     =       10.367, Total count    =     17646235]
#[Buckets =           10, SubBuckets     =          256]
