       Value   Percentile   TotalCount 1/(1-Percentile)

        0.16     0.000000            1         1.00
        2.25     0.050000        75274         1.05
        2.29     0.100000       147983         1.11
        2.30     0.150000       201974         1.18
        2.32     0.200000       260524         1.25
        2.33     0.250000       320008         1.33
        2.35     0.300000       396714         1.43
        2.37     0.350000       465224         1.54
        2.37     0.400000       465224         1.67
        2.38     0.450000       536507         1.82
        2.40     0.500000       615777         2.00
        2.40     0.525000       615777         2.11
        2.42     0.550000       679370         2.22
        2.42     0.575000       679370         2.35
        2.43     0.600000       745477         2.50
        2.43     0.625000       745477         2.67
        2.45     0.650000       807674         2.86
        2.45     0.675000       807674         3.08
        2.46     0.700000       857351         3.33
        2.46     0.725000       857351         3.64
        2.48     0.750000       907111         4.00
        2.48     0.762500       907111         4.21
        2.48     0.775000       907111         4.44
        2.50     0.787500       948179         4.71
        2.50     0.800000       948179         5.00
        2.50     0.812500       948179         5.33
        2.51     0.825000       981437         5.71
        2.51     0.837500       981437         6.15
        2.51     0.850000       981437         6.67
        2.53     0.862500      1012757         7.27
        2.53     0.875000      1012757         8.00
        2.54     0.881250      1036709         8.42
        2.54     0.887500      1036709         8.89
        2.54     0.893750      1036709         9.41
        2.56     0.900000      1056678        10.00
        2.56     0.906250      1056678        10.67
        2.56     0.912500      1056678        11.43
        2.58     0.918750      1073858        12.31
        2.58     0.925000      1073858        13.33
        2.59     0.931250      1086554        14.55
        2.59     0.937500      1086554        16.00
        2.59     0.940625      1086554        16.84
        2.61     0.943750      1097199        17.78
        2.61     0.946875      1097199        18.82
        2.61     0.950000      1097199        20.00
        2.62     0.953125      1105666        21.33
        2.62     0.956250      1105666        22.86
        2.64     0.959375      1112010        24.62
        2.64     0.962500      1112010        26.67
        2.65     0.965625      1117050        29.09
        2.67     0.968750      1121066        32.00
        2.67     0.970313      1121066        33.68
        2.69     0.971875      1124010        35.56
        2.69     0.973437      1124010        37.65
        2.70     0.975000      1126400        40.00
        2.72     0.976562      1128218        42.67
        2.73     0.978125      1129781        45.71
        2.75     0.979688      1131015        49.23
        2.78     0.981250      1132977        53.33
        2.81     0.982812      1134381        58.18
        2.86     0.984375      1136126        64.00
        2.90     0.985156      1137068        67.37
        2.93     0.985938      1137843        71.11
        2.98     0.986719      1138751        75.29
        3.04     0.987500      1139734        80.00
        3.10     0.988281      1140556        85.33
        3.18     0.989062      1141441        91.43
        3.29     0.989844      1142382        98.46
        3.42     0.990625      1143291       106.67
        3.57     0.991406      1144134       116.36
        3.74     0.992188      1145034       128.00
        3.85     0.992578      1145487       134.74
        3.98     0.992969      1145981       142.22
        4.09     0.993359      1146392       150.59
        4.25     0.993750      1146928       160.00
        4.38     0.994141      1147356       170.67
        4.51     0.994531      1147796       182.86
        4.61     0.994922      1148187       196.92
        4.70     0.995313      1148649       213.33
        4.83     0.995703      1149188       232.73
        4.96     0.996094      1149621       256.00
        5.02     0.996289      1149816       269.47
        5.09     0.996484      1149999       284.44
        5.18     0.996680      1150256       301.18
        5.28     0.996875      1150534       320.00
        5.34     0.997070      1150685       341.33
        5.44     0.997266      1150913       365.71
        5.54     0.997461      1151120       393.85
        5.66     0.997656      1151367       426.67
        5.79     0.997852      1151588       465.45
        5.92     0.998047      1151806       512.00
        6.01     0.998145      1151938       538.95
        6.11     0.998242      1152062       568.89
        6.17     0.998340      1152151       602.35
        6.27     0.998437      1152283       640.00
        6.33     0.998535      1152359       682.67
        6.46     0.998633      1152500       731.43
        6.53     0.998730      1152585       787.69
        6.62     0.998828      1152723       853.33
        6.69     0.998926      1152812       930.91
        6.78     0.999023      1152956      1024.00
        6.82     0.999072      1153001      1077.89
        6.85     0.999121      1153037      1137.78
        6.91     0.999170      1153121      1204.71
        6.94     0.999219      1153157      1280.00
        7.01     0.999268      1153219      1365.33
        7.07     0.999316      1153268      1462.86
        7.13     0.999365      1153317      1575.38
        7.26     0.999414      1153380      1706.67
        7.39     0.999463      1153428      1861.82
        7.62     0.999512      1153490      2048.00
        7.68     0.999536      1153512      2155.79
        7.81     0.999561      1153544      2275.56
        7.90     0.999585      1153575      2409.41
        8.00     0.999609      1153602      2560.00
        8.10     0.999634      1153626      2730.67
        8.26     0.999658      1153660      2925.71
        8.38     0.999683      1153685      3150.77
        8.57     0.999707      1153717      3413.33
        8.77     0.999731      1153748      3723.64
        8.89     0.999756      1153771      4096.00
        9.02     0.999768      1153787      4311.58
        9.09     0.999780      1153798      4551.11
        9.21     0.999792      1153813      4818.82
        9.34     0.999805      1153825      5120.00
        9.47     0.999817      1153837      5461.33
        9.66     0.999829      1153854      5851.43
        9.86     0.999841      1153867      6301.54
        9.98     0.999854      1153879      6826.67
       10.24     0.999866      1153893      7447.27
       10.56     0.999878      1153911      8192.00
       10.62     0.999884      1153914      8623.16
       10.81     0.999890      1153925      9102.22
       11.01     0.999896      1153930      9637.65
       11.13     0.999902      1153935     10240.00
       11.26     0.999908      1153945     10922.67
       11.46     0.999915      1153950     11702.86
       11.58     0.999921      1153957     12603.08
       11.71     0.999927      1153963     13653.33
       11.97     0.999933      1153974     14894.55
       12.10     0.999939      1153977     16384.00
       12.16     0.999942      1153983     17246.32
       12.22     0.999945      1153987     18204.44
       12.35     0.999948      1153989     19275.29
       12.41     0.999951      1153994     20480.00
       12.48     0.999954      1153995     21845.33
       12.54     0.999957      1154000     23405.71
       12.61     0.999960      1154002     25206.15
       12.73     0.999963      1154009     27306.67
       12.73     0.999966      1154009     29789.09
       12.86     0.999969      1154014     32768.00
       12.86     0.999971      1154014     34492.63
       12.93     0.999973      1154018     36408.89
       12.93     0.999974      1154018     38550.59
       12.99     0.999976      1154021     40960.00
       12.99     0.999977      1154021     43690.67
       13.05     0.999979      1154026     46811.43
       13.05     0.999980      1154026     50412.31
       13.05     0.999982      1154026     54613.33
       13.18     0.999983      1154030     59578.18
       13.18     0.999985      1154030     65536.00
       13.25     0.999986      1154034     68985.26
       13.25     0.999986      1154034     72817.78
       13.25     0.999987      1154034     77101.18
       13.25     0.999988      1154034     81920.00
       13.25     0.999989      1154034     87381.33
       13.31     0.999989      1154036     93622.86
       13.31     0.999990      1154036    100824.62
       13.38     0.999991      1154038    109226.67
       13.38     0.999992      1154038    119156.36
       13.44     0.999992      1154039    131072.00
       13.44     0.999993      1154039    137970.53
       13.50     0.999993      1154040    145635.56
       13.50     0.999994      1154040    154202.35
       13.50     0.999994      1154040    163840.00
       13.57     0.999994      1154041    174762.67
       13.57     0.999995      1154041    187245.71
       13.63     0.999995      1154042    201649.23
       13.63     0.999995      1154042    218453.33
       13.70     0.999996      1154043    238312.73
       13.70     0.999996      1154043    262144.00
       13.70     0.999996      1154043    275941.05
       13.76     0.999997      1154044    291271.11
       13.76     0.999997      1154044    308404.71
       13.76     0.999997      1154044    327680.00
       13.76     0.999997      1154044    349525.33
       13.76     0.999997      1154044    374491.43
       13.82     0.999998      1154045    403298.46
       13.82     0.999998      1154045    436906.67
       13.82     0.999998      1154045    476625.45
       13.82     0.999998      1154045    524288.00
       13.82     0.999998      1154045    551882.11
       13.89     0.999998      1154046    582542.22
       13.89     0.999998      1154046    616809.41
       13.89     0.999998      1154046    655360.00
       13.89     0.999999      1154046    699050.67
       13.89     0.999999      1154046    748982.86
       13.89     0.999999      1154046    806596.92
       13.89     0.999999      1154046    873813.33
       13.89     0.999999      1154046    953250.91
       13.89     0.999999      1154046   1048576.00
       13.89     0.999999      1154046   1103764.21
       13.95     0.999999      1154047   1165084.44
       13.95     1.000000      1154047          inf
#[Mean    =        2.426, StdDeviation   =        0.321]
#[Max     =       13.951, Total count    =      1154047]
#[Buckets =           10, SubBuckets     =          256]
