       Value   Percentile   TotalCount 1/(1-Percentile)

        0.08     0.000000            1         1.00
        4.25     0.050000       354130         1.05
        4.35     0.100000       760767         1.11
        4.42     0.150000      1001043         1.18
        4.45     0.200000      1362907         1.25
        4.48     0.250000      1487192         1.33
        4.51     0.300000      1759884         1.43
        4.54     0.350000      2156244         1.54
        4.61     0.400000      2664777         1.67
        4.61     0.450000      2664777         1.82
        4.64     0.500000      3013028         2.00
        4.67     0.525000      3199475         2.11
        4.70     0.550000      3550275         2.22
        4.70     0.575000      3550275         2.35
        4.70     0.600000      3550275         2.50
        4.74     0.625000      3825725         2.67
        4.74     0.650000      3825725         2.86
        4.77     0.675000      4002227         3.08
        4.80     0.700000      4301490         3.33
        4.80     0.725000      4301490         3.64
        4.83     0.750000      4498033         4.00
        4.83     0.762500      4498033         4.21
        4.86     0.775000      4643069         4.44
        4.86     0.787500      4643069         4.71
        4.89     0.800000      4857910         5.00
        4.89     0.812500      4857910         5.33
        4.89     0.825000      4857910         5.71
        4.93     0.837500      4991158         6.15
        4.93     0.850000      4991158         6.67
        4.96     0.862500      5095548         7.27
        4.96     0.875000      5095548         8.00
        4.99     0.881250      5227337         8.42
        4.99     0.887500      5227337         8.89
        4.99     0.893750      5227337         9.41
        5.02     0.900000      5311935        10.00
        5.02     0.906250      5311935        10.67
        5.05     0.912500      5380062        11.43
        5.05     0.918750      5380062        12.31
        5.09     0.925000      5454006        13.33
        5.09     0.931250      5454006        14.55
        5.12     0.937500      5503211        16.00
        5.12     0.940625      5503211        16.84
        5.12     0.943750      5503211        17.78
        5.15     0.946875      5543588        18.82
        5.15     0.950000      5543588        20.00
        5.18     0.953125      5581850        21.33
        5.18     0.956250      5581850        22.86
        5.21     0.959375      5610678        24.62
        5.21     0.962500      5610678        26.67
        5.25     0.965625      5635523        29.09
        5.28     0.968750      5655586        32.00
        5.28     0.970313      5655586        33.68
        5.31     0.971875      5670703        35.56
        5.31     0.973437      5670703        37.65
        5.34     0.975000      5684399        40.00
        5.38     0.976562      5695344        42.67
        5.41     0.978125      5704807        45.71
        5.44     0.979688      5713461        49.23
        5.47     0.981250      5720237        53.33
        5.50     0.982812      5726305        58.18
        5.57     0.984375      5736879        64.00
        5.60     0.985156      5741185        67.37
        5.63     0.985938      5745339        71.11
        5.66     0.986719      5748739        75.29
        5.70     0.987500      5752056        80.00
        5.73     0.988281      5755168        85.33
        5.79     0.989062      5760692        91.43
        5.86     0.989844      5765535        98.46
        5.92     0.990625      5769879       106.67
        6.01     0.991406      5774664       116.36
        6.11     0.992188      5778977       128.00
        6.14     0.992578      5780263       134.74
        6.21     0.992969      5782616       142.22
        6.27     0.993359      5784686       150.59
        6.37     0.993750      5787395       160.00
        6.46     0.994141      5789904       170.67
        6.56     0.994531      5792135       182.86
        6.66     0.994922      5794464       196.92
        6.75     0.995313      5796617       213.33
        6.85     0.995703      5798736       232.73
        6.94     0.996094      5800732       256.00
        7.01     0.996289      5802007       269.47
        7.07     0.996484      5803220       284.44
        7.13     0.996680      5804486       301.18
        7.20     0.996875      5805680       320.00
        7.23     0.997070      5806305       341.33
        7.33     0.997266      5807932       365.71
        7.39     0.997461      5808972       393.85
        7.46     0.997656      5809943       426.67
        7.52     0.997852      5810879       465.45
        7.62     0.998047      5812144       512.00
        7.65     0.998145      5812543       538.95
        7.71     0.998242      5813240       568.89
        7.78     0.998340      5813863       602.35
        7.84     0.998437      5814411       640.00
        7.90     0.998535      5814905       682.67
        8.00     0.998633      5815557       731.43
        8.06     0.998730      5815959       787.69
        8.16     0.998828      5816540       853.33
        8.32     0.998926      5817289       930.91
        8.45     0.999023      5817748      1024.00
        8.57     0.999072      5818101      1077.89
        8.64     0.999121      5818282      1137.78
        8.77     0.999170      5818613      1204.71
        8.89     0.999219      5818850      1280.00
        9.09     0.999268      5819155      1365.33
        9.28     0.999316      5819380      1462.86
        9.54     0.999365      5819722      1575.38
        9.73     0.999414      5819991      1706.67
        9.98     0.999463      5820304      1861.82
       10.18     0.999512      5820561      2048.00
       10.24     0.999536      5820653      2155.79
       10.37     0.999561      5820788      2275.56
       10.56     0.999585      5820992      2409.41
       10.62     0.999609      5821076      2560.00
       10.75     0.999634      5821212      2730.67
       10.88     0.999658      5821379      2925.71
       11.07     0.999683      5821539      3150.77
       11.20     0.999707      5821719      3413.33
       11.26     0.999731      5821797      3723.64
       11.39     0.999756      5821928      4096.00
       11.52     0.999768      5822050      4311.58
       11.58     0.999780      5822125      4551.11
       11.65     0.999792      5822186      4818.82
       11.71     0.999805      5822248      5120.00
       11.78     0.999817      5822306      5461.33
       11.84     0.999829      5822366      5851.43
       11.90     0.999841      5822429      6301.54
       12.03     0.999854      5822536      6826.67
       12.10     0.999866      5822581      7447.27
       12.16     0.999878      5822641      8192.00
       12.22     0.999884      5822690      8623.16
       12.29     0.999890      5822743      9102.22
       12.29     0.999896      5822743      9637.65
       12.35     0.999902      5822787     10240.00
       12.41     0.999908      5822817     10922.67
       12.48     0.999915      5822857     11702.86
       12.54     0.999921      5822885     12603.08
       12.67     0.999927      5822923     13653.33
       12.73     0.999933      5822963     14894.55
       12.86     0.999939      5822993     16384.00
       12.93     0.999942      5823014     17246.32
       12.99     0.999945      5823027     18204.44
       13.05     0.999948      5823050     19275.29
       13.12     0.999951      5823064     20480.00
       13.25     0.999954      5823078     21845.33
       13.38     0.999957      5823093     23405.71
       13.50     0.999960      5823121     25206.15
       13.57     0.999963      5823129     27306.67
       13.63     0.999966      5823159     29789.09
       13.70     0.999969      5823174     32768.00
       13.70     0.999971      5823174     34492.63
       13.76     0.999973      5823183     36408.89
       13.89     0.999974      5823194     38550.59
       13.95     0.999976      5823204     40960.00
       14.02     0.999977      5823219     43690.67
       14.02     0.999979      5823219     46811.43
       14.08     0.999980      5823226     50412.31
       14.21     0.999982      5823235     54613.33
       14.27     0.999983      5823248     59578.18
       14.34     0.999985      5823259     65536.00
       14.34     0.999986      5823259     68985.26
       14.40     0.999986      5823268     72817.78
       14.40     0.999987      5823268     77101.18
       14.46     0.999988      5823275     81920.00
       14.46     0.999989      5823275     87381.33
       14.53     0.999989      5823282     93622.86
       14.59     0.999990      5823290    100824.62
       14.59     0.999991      5823290    109226.67
       14.65     0.999992      5823295    119156.36
       14.72     0.999992      5823298    131072.00
       14.72     0.999993      5823298    137970.53
       14.85     0.999993      5823303    145635.56
       14.85     0.999994      5823303    154202.35
       14.91     0.999994      5823308    163840.00
       14.91     0.999994      5823308    174762.67
       14.97     0.999995      5823313    187245.71
       14.97     0.999995      5823313    201649.23
       15.04     0.999995      5823314    218453.33
       15.17     0.999996      5823316    238312.73
       15.29     0.999996      5823318    262144.00
       15.36     0.999996      5823319    275941.05
       15.55     0.999997      5823321    291271.11
       15.62     0.999997      5823323    308404.71
       15.62     0.999997      5823323    327680.00
       15.68     0.999997      5823325    349525.33
       15.68     0.999997      5823325    374491.43
       15.81     0.999998      5823327    403298.46
       15.81     0.999998      5823327    436906.67
       16.00     0.999998      5823328    476625.45
       16.06     0.999998      5823329    524288.00
       16.13     0.999998      5823330    551882.11
       16.19     0.999998      5823331    582542.22
       16.19     0.999998      5823331    616809.41
       16.38     0.999998      5823332    655360.00
       16.38     0.999999      5823332    699050.67
       16.51     0.999999      5823336    748982.86
       16.51     0.999999      5823336    806596.92
       16.51     0.999999      5823336    873813.33
       16.51     0.999999      5823336    953250.91
       16.51     0.999999      5823336   1048576.00
       16.51     0.999999      5823336   1103764.21
       16.51     0.999999      5823336   1165084.44
       16.51     0.999999      5823336   1233618.82
       16.51     0.999999      5823336   1310720.00
       16.51     0.999999      5823336   1398101.33
       16.64     0.999999      5823339   1497965.71
       16.64     0.999999      5823339   1613193.85
       16.64     0.999999      5823339   1747626.67
       16.64     0.999999      5823339   1906501.82
       16.64     1.000000      5823339   2097152.00
       16.64     1.000000      5823339   2207528.42
       16.64     1.000000      5823339   2330168.89
       16.64     1.000000      5823339   2467237.65
       16.64     1.000000      5823339   2621440.00
       16.64     1.000000      5823339   2796202.67
       16.64     1.000000      5823339   2995931.43
       16.64     1.000000      5823339   3226387.69
       16.64     1.000000      5823339   3495253.33
       16.64     1.000000      5823339   3813003.64
       16.64     1.000000      5823339   4194304.00
       16.64     1.000000      5823339   4415056.84
       16.64     1.000000      5823339   4660337.78
       16.64     1.000000      5823339   4934475.29
       16.64     1.000000      5823339   5242880.00
       16.64     1.000000      5823339   5592405.33
       16.77     1.000000      5823340   5991862.86
       16.77     1.000000      5823340          inf
#[Mean    =        4.664, StdDeviation   =        0.418]
#[Max     =       16.767, Total count    =      5823340]
#[Buckets =           10, SubBuckets     =          256]
