       Value   Percentile   TotalCount 1/(1-Percentile)

        0.05     0.000000            1         1.00
        2.19     0.050000       726901         1.05
        2.22     0.100000      1381453         1.11
        2.24     0.150000      1763646         1.18
        2.27     0.200000      2881600         1.25
        2.29     0.250000      3453232         1.33
        2.30     0.300000      4185445         1.43
        2.30     0.350000      4185445         1.54
        2.32     0.400000      4904297         1.67
        2.33     0.450000      5575080         1.82
        2.35     0.500000      6358879         2.00
        2.35     0.525000      6358879         2.11
        2.35     0.550000      6358879         2.22
        2.37     0.575000      7012663         2.35
        2.37     0.600000      7012663         2.50
        2.38     0.625000      7641883         2.67
        2.38     0.650000      7641883         2.86
        2.40     0.675000      8289008         3.08
        2.40     0.700000      8289008         3.33
        2.42     0.725000      8779105         3.64
        2.42     0.750000      8779105         4.00
        2.43     0.762500      9251781         4.21
        2.43     0.775000      9251781         4.44
        2.43     0.787500      9251781         4.71
        2.43     0.800000      9251781         5.00
        2.45     0.812500      9674434         5.33
        2.45     0.825000      9674434         5.71
        2.45     0.837500      9674434         6.15
        2.46     0.850000      9993114         6.67
        2.46     0.862500      9993114         7.27
        2.48     0.875000     10297581         8.00
        2.48     0.881250     10297581         8.42
        2.48     0.887500     10297581         8.89
        2.50     0.893750     10543775         9.41
        2.50     0.900000     10543775        10.00
        2.50     0.906250     10543775        10.67
        2.50     0.912500     10543775        11.43
        2.51     0.918750     10732992        12.31
        2.51     0.925000     10732992        13.33
        2.53     0.931250     10902131        14.55
        2.53     0.937500     10902131        16.00
        2.53     0.940625     10902131        16.84
        2.53     0.943750     10902131        17.78
        2.54     0.946875     11024873        18.82
        2.54     0.950000     11024873        20.00
        2.54     0.953125     11024873        21.33
        2.56     0.956250     11120820        22.86
        2.56     0.959375     11120820        24.62
        2.56     0.962500     11120820        26.67
        2.58     0.965625     11200321        29.09
        2.58     0.968750     11200321        32.00
        2.58     0.970313     11200321        33.68
        2.59     0.971875     11256674        35.56
        2.59     0.973437     11256674        37.65
        2.59     0.975000     11256674        40.00
        2.61     0.976562     11301183        42.67
        2.61     0.978125     11301183        45.71
        2.62     0.979688     11336173        49.23
        2.62     0.981250     11336173        53.33
        2.64     0.982812     11361956        58.18
        2.64     0.984375     11361956        64.00
        2.65     0.985156     11381461        67.37
        2.65     0.985938     11381461        71.11
        2.67     0.986719     11396244        75.29
        2.67     0.987500     11396244        80.00
        2.69     0.988281     11407158        85.33
        2.70     0.989062     11415569        91.43
        2.72     0.989844     11422391        98.46
        2.75     0.990625     11432284       106.67
        2.78     0.991406     11440493       116.36
        2.83     0.992188     11448978       128.00
        2.86     0.992578     11452997       134.74
        2.90     0.992969     11456653       142.22
        2.96     0.993359     11461482       150.59
        3.02     0.993750     11466126       160.00
        3.12     0.994141     11470505       170.67
        3.21     0.994531     11474891       182.86
        3.33     0.994922     11479165       196.92
        3.49     0.995313     11483563       213.33
        3.66     0.995703     11487960       232.73
        3.90     0.996094     11492556       256.00
        4.03     0.996289     11494911       269.47
        4.16     0.996484     11497213       284.44
        4.29     0.996680     11499447       301.18
        4.42     0.996875     11501776       320.00
        4.51     0.997070     11503884       341.33
        4.61     0.997266     11506595       365.71
        4.67     0.997461     11508384       393.85
        4.77     0.997656     11510866       426.67
        4.86     0.997852     11512785       465.45
        5.02     0.998047     11515325       512.00
        5.09     0.998145     11516201       538.95
        5.18     0.998242     11517477       568.89
        5.25     0.998340     11518329       602.35
        5.34     0.998437     11519656       640.00
        5.44     0.998535     11520932       682.67
        5.50     0.998633     11521814       731.43
        5.60     0.998730     11522917       787.69
        5.70     0.998828     11523958       853.33
        5.82     0.998926     11525341       930.91
        5.92     0.999023     11526308      1024.00
        5.98     0.999072     11526876      1077.89
        6.05     0.999121     11527462      1137.78
        6.11     0.999170     11528029      1204.71
        6.17     0.999219     11528615      1280.00
        6.24     0.999268     11529150      1365.33
        6.30     0.999316     11529699      1462.86
        6.37     0.999365     11530289      1575.38
        6.43     0.999414     11530907      1706.67
        6.50     0.999463     11531530      1861.82
        6.53     0.999512     11531844      2048.00
        6.56     0.999536     11532192      2155.79
        6.59     0.999561     11532488      2275.56
        6.62     0.999585     11532797      2409.41
        6.66     0.999609     11533098      2560.00
        6.69     0.999634     11533455      2730.67
        6.72     0.999658     11533775      2925.71
        6.75     0.999683     11534049      3150.77
        6.78     0.999707     11534325      3413.33
        6.82     0.999731     11534601      3723.64
        6.85     0.999756     11534893      4096.00
        6.85     0.999768     11534893      4311.58
        6.88     0.999780     11535147      4551.11
        6.88     0.999792     11535147      4818.82
        6.91     0.999805     11535371      5120.00
        6.91     0.999817     11535371      5461.33
        6.94     0.999829     11535545      5851.43
        6.97     0.999841     11535713      6301.54
        7.01     0.999854     11535853      6826.67
        7.04     0.999866     11535963      7447.27
        7.07     0.999878     11536072      8192.00
        7.10     0.999884     11536157      8623.16
        7.13     0.999890     11536236      9102.22
        7.17     0.999896     11536289      9637.65
        7.23     0.999902     11536387     10240.00
        7.26     0.999908     11536419     10922.67
        7.36     0.999915     11536501     11702.86
        7.49     0.999921     11536573     12603.08
        7.58     0.999927     11536645     13653.33
        7.71     0.999933     11536718     14894.55
        7.78     0.999939     11536778     16384.00
        7.87     0.999942     11536819     17246.32
        7.93     0.999945     11536862     18204.44
        7.97     0.999948     11536892     19275.29
        8.03     0.999951     11536927     20480.00
        8.10     0.999954     11536960     21845.33
        8.19     0.999957     11536990     23405.71
        8.26     0.999960     11537018     25206.15
        8.38     0.999963     11537068     27306.67
        8.51     0.999966     11537088     29789.09
        8.64     0.999969     11537126     32768.00
        8.70     0.999971     11537158     34492.63
        8.77     0.999973     11537168     36408.89
        8.83     0.999974     11537180     38550.59
        8.89     0.999976     11537194     40960.00
        8.96     0.999977     11537220     43690.67
        9.02     0.999979     11537250     46811.43
        9.02     0.999980     11537250     50412.31
        9.09     0.999982     11537270     54613.33
        9.15     0.999983     11537285     59578.18
        9.21     0.999985     11537324     65536.00
        9.21     0.999986     11537324     68985.26
        9.21     0.999986     11537324     72817.78
        9.28     0.999987     11537344     77101.18
        9.28     0.999988     11537344     81920.00
        9.28     0.999989     11537344     87381.33
        9.34     0.999989     11537353     93622.86
        9.41     0.999990     11537362    100824.62
        9.47     0.999991     11537373    109226.67
        9.54     0.999992     11537381    119156.36
        9.60     0.999992     11537395    131072.00
        9.60     0.999993     11537395    137970.53
        9.66     0.999993     11537403    145635.56
        9.66     0.999994     11537403    154202.35
        9.73     0.999994     11537408    163840.00
        9.79     0.999994     11537411    174762.67
        9.86     0.999995     11537420    187245.71
        9.86     0.999995     11537420    201649.23
        9.92     0.999995     11537431    218453.33
        9.92     0.999996     11537431    238312.73
        9.92     0.999996     11537431    262144.00
        9.98     0.999996     11537435    275941.05
       10.05     0.999997     11537441    291271.11
       10.05     0.999997     11537441    308404.71
       10.05     0.999997     11537441    327680.00
       10.11     0.999997     11537448    349525.33
       10.11     0.999997     11537448    374491.43
       10.11     0.999998     11537448    403298.46
       10.18     0.999998     11537449    436906.67
       10.24     0.999998     11537451    476625.45
       10.37     0.999998     11537453    524288.00
       10.62     0.999998     11537456    551882.11
       10.62     0.999998     11537456    582542.22
       10.69     0.999998     11537459    616809.41
       10.69     0.999998     11537459    655360.00
       10.69     0.999999     11537459    699050.67
       10.75     0.999999     11537465    748982.86
       10.75     0.999999     11537465    806596.92
       10.75     0.999999     11537465    873813.33
       10.75     0.999999     11537465    953250.91
       10.75     0.999999     11537465   1048576.00
       10.75     0.999999     11537465   1103764.21
       10.88     0.999999     11537466   1165084.44
       10.88     0.999999     11537466   1233618.82
       11.07     0.999999     11537467   1310720.00
       11.07     0.999999     11537467   1398101.33
       11.20     0.999999     11537468   1497965.71
       11.20     0.999999     11537468   1613193.85
       11.46     0.999999     11537469   1747626.67
       11.46     0.999999     11537469   1906501.82
       11.65     1.000000     11537470   2097152.00
       11.65     1.000000     11537470   2207528.42
       12.10     1.000000     11537475   2330168.89
       12.10     1.000000     11537475          inf
#[Mean    =        2.357, StdDeviation   =        0.233]
#[Max     =       12.095, Total count    =     11537475]
#[Buckets =           10, SubBuckets     =          256]
