       Value   Percentile   TotalCount 1/(1-Percentile)

        0.14     0.000000            1         1.00
        1.30     0.050000       104664         1.05
        1.33     0.100000       189251         1.11
        1.35     0.150000       287997         1.18
        1.38     0.200000       385250         1.25
        1.40     0.250000       470700         1.33
        1.42     0.300000       548105         1.43
        1.46     0.350000       654459         1.54
        1.48     0.400000       743024         1.67
        1.50     0.450000       839361         1.82
        1.52     0.500000       907465         2.00
        1.53     0.525000       973673         2.11
        1.54     0.550000      1007053         2.22
        1.56     0.575000      1070473         2.35
        1.57     0.600000      1102992         2.50
        1.57     0.625000      1133774         2.67
        1.59     0.650000      1194836         2.86
        1.60     0.675000      1225126         3.08
        1.61     0.700000      1284250         3.33
        1.62     0.725000      1313075         3.64
        1.64     0.750000      1368479         4.00
        1.65     0.762500      1395618         4.21
        1.66     0.775000      1421111         4.44
        1.66     0.787500      1445972         4.71
        1.67     0.800000      1470069         5.00
        1.68     0.812500      1493444         5.33
        1.68     0.825000      1493444         5.71
        1.70     0.837500      1535295         6.15
        1.70     0.850000      1553738         6.67
        1.71     0.862500      1571904         7.27
        1.72     0.875000      1589242         8.00
        1.73     0.881250      1604776         8.42
        1.74     0.887500      1617714         8.89
        1.74     0.893750      1617714         9.41
        1.74     0.900000      1631077        10.00
        1.75     0.906250      1645013        10.67
        1.76     0.912500      1657348        11.43
        1.77     0.918750      1666749        12.31
        1.77     0.925000      1676530        13.33
        1.78     0.931250      1687849        14.55
        1.79     0.937500      1697921        16.00
        1.80     0.940625      1704952        16.84
        1.81     0.943750      1711806        17.78
        1.81     0.946875      1719978        18.82
        1.81     0.950000      1719978        20.00
        1.82     0.953125      1727420        21.33
        1.83     0.956250      1732206        22.86
        1.84     0.959375      1736479        24.62
        1.85     0.962500      1741668        26.67
        1.86     0.965625      1749774        29.09
        1.88     0.968750      1756035        32.00
        1.88     0.970313      1756035        33.68
        1.89     0.971875      1759337        35.56
        1.90     0.973437      1761660        37.65
        1.91     0.975000      1765699        40.00
        1.92     0.976562      1767888        42.67
        1.94     0.978125      1770620        45.71
        1.95     0.979688      1773311        49.23
        1.98     0.981250      1775939        53.33
        2.01     0.982812      1778441        58.18
        2.06     0.984375      1781500        64.00
        2.10     0.985156      1782882        67.37
        2.13     0.985938      1784047        71.11
        2.17     0.986719      1785690        75.29
        2.21     0.987500      1786735        80.00
        2.27     0.988281      1788357        85.33
        2.33     0.989062      1789575        91.43
        2.43     0.989844      1791009        98.46
        2.54     0.990625      1792548       106.67
        2.61     0.991406      1793780       116.36
        2.67     0.992188      1795261       128.00
        2.70     0.992578      1795909       134.74
        2.75     0.992969      1796762       142.22
        2.80     0.993359      1797502       150.59
        2.85     0.993750      1798186       160.00
        2.90     0.994141      1798828       170.67
        2.94     0.994531      1799534       182.86
        2.99     0.994922      1800279       196.92
        3.04     0.995313      1800949       213.33
        3.09     0.995703      1801605       232.73
        3.15     0.996094      1802305       256.00
        3.20     0.996289      1802779       269.47
        3.23     0.996484      1803091       284.44
        3.26     0.996680      1803418       301.18
        3.29     0.996875      1803725       320.00
        3.34     0.997070      1804111       341.33
        3.39     0.997266      1804406       365.71
        3.49     0.997461      1804774       393.85
        3.58     0.997656      1805098       426.67
        3.74     0.997852      1805465       465.45
        3.97     0.998047      1805814       512.00
        4.08     0.998145      1805991       538.95
        4.19     0.998242      1806156       568.89
        4.32     0.998340      1806356       602.35
        4.45     0.998437      1806526       640.00
        4.58     0.998535      1806692       682.67
        4.70     0.998633      1806866       731.43
        4.83     0.998730      1807053       787.69
        4.96     0.998828      1807236       853.33
        5.09     0.998926      1807424       930.91
        5.21     0.999023      1807582      1024.00
        5.28     0.999072      1807669      1077.89
        5.34     0.999121      1807756      1137.78
        5.41     0.999170      1807847      1204.71
        5.47     0.999219      1807913      1280.00
        5.57     0.999268      1808030      1365.33
        5.63     0.999316      1808100      1462.86
        5.73     0.999365      1808188      1575.38
        5.82     0.999414      1808281      1706.67
        5.92     0.999463      1808365      1861.82
        6.01     0.999512      1808446      2048.00
        6.08     0.999536      1808494      2155.79
        6.14     0.999561      1808539      2275.56
        6.21     0.999585      1808588      2409.41
        6.27     0.999609      1808638      2560.00
        6.33     0.999634      1808686      2730.67
        6.37     0.999658      1808709      2925.71
        6.43     0.999683      1808757      3150.77
        6.50     0.999707      1808809      3413.33
        6.56     0.999731      1808844      3723.64
        6.66     0.999756      1808888      4096.00
        6.72     0.999768      1808907      4311.58
        6.82     0.999780      1808933      4551.11
        6.97     0.999792      1808957      4818.82
        7.10     0.999805      1808976      5120.00
        7.23     0.999817      1808995      5461.33
        7.42     0.999829      1809019      5851.43
        7.62     0.999841      1809043      6301.54
        7.84     0.999854      1809065      6826.67
        8.06     0.999866      1809084      7447.27
        8.32     0.999878      1809106      8192.00
        8.51     0.999884      1809120      8623.16
        8.64     0.999890      1809132      9102.22
        8.83     0.999896      1809141      9637.65
        8.96     0.999902      1809151     10240.00
        9.21     0.999908      1809164     10922.67
        9.34     0.999915      1809173     11702.86
        9.60     0.999921      1809184     12603.08
        9.86     0.999927      1809195     13653.33
       10.11     0.999933      1809205     14894.55
       10.37     0.999939      1809216     16384.00
       10.49     0.999942      1809225     17246.32
       10.56     0.999945      1809229     18204.44
       10.69     0.999948      1809233     19275.29
       10.75     0.999951      1809238     20480.00
       10.94     0.999954      1809245     21845.33
       11.01     0.999957      1809251     23405.71
       11.20     0.999960      1809261     25206.15
       11.20     0.999963      1809261     27306.67
       11.46     0.999966      1809268     29789.09
       11.52     0.999969      1809277     32768.00
       11.52     0.999971      1809277     34492.63
       11.52     0.999973      1809277     36408.89
       11.71     0.999974      1809282     38550.59
       11.71     0.999976      1809282     40960.00
       11.78     0.999977      1809288     43690.67
       11.78     0.999979      1809288     46811.43
       11.84     0.999980      1809291     50412.31
       11.90     0.999982      1809293     54613.33
       11.97     0.999983      1809296     59578.18
       12.03     0.999985      1809299     65536.00
       12.10     0.999986      1809303     68985.26
       12.10     0.999986      1809303     72817.78
       12.10     0.999987      1809303     77101.18
       12.16     0.999988      1809305     81920.00
       12.22     0.999989      1809310     87381.33
       12.22     0.999989      1809310     93622.86
       12.22     0.999990      1809310    100824.62
       12.22     0.999991      1809310    109226.67
       12.29     0.999992      1809312    119156.36
       12.35     0.999992      1809315    131072.00
       12.35     0.999993      1809315    137970.53
       12.35     0.999993      1809315    145635.56
       12.35     0.999994      1809315    154202.35
       12.35     0.999994      1809315    163840.00
       12.41     0.999994      1809318    174762.67
       12.41     0.999995      1809318    187245.71
       12.41     0.999995      1809318    201649.23
       12.41     0.999995      1809318    218453.33
       12.48     0.999996      1809321    238312.73
       12.48     0.999996      1809321    262144.00
       12.48     0.999996      1809321    275941.05
       12.48     0.999997      1809321    291271.11
       12.48     0.999997      1809321    308404.71
       12.48     0.999997      1809321    327680.00
       12.48     0.999997      1809321    349525.33
       12.54     0.999997      1809324    374491.43
       12.54     0.999998      1809324    403298.46
       12.54     0.999998      1809324    436906.67
       12.54     0.999998      1809324    476625.45
       12.54     0.999998      1809324    524288.00
       12.54     0.999998      1809324    551882.11
       12.54     0.999998      1809324    582542.22
       12.54     0.999998      1809324    616809.41
       12.54     0.999998      1809324    655360.00
       12.54     0.999999      1809324    699050.67
       12.54     0.999999      1809324    748982.86
       12.54     0.999999      1809324    806596.92
       12.54     0.999999      1809324    873813.33
       12.61     0.999999      1809325    953250.91
       12.61     0.999999      1809325   1048576.00
       12.61     0.999999      1809325   1103764.21
       12.61     0.999999      1809325   1165084.44
       12.61     0.999999      1809325   1233618.82
       12.61     0.999999      1809325   1310720.00
       12.61     0.999999      1809325   1398101.33
       12.61     0.999999      1809325   1497965.71
       12.61     0.999999      1809325   1613193.85
       12.61     0.999999      1809325   1747626.67
       13.31     0.999999      1809326   1906501.82
       13.31     1.000000      1809326          inf
#[Mean    =        1.545, StdDeviation   =        0.282]
#[Max     =       13.311, Total count    =      1809326]
#[Buckets =           10, SubBuckets     =          256]
