       Value   Percentile   TotalCount 1/(1-Percentile)

        0.05     0.000000            1         1.00
        2.19     0.050000       738451         1.05
        2.22     0.100000      1414960         1.11
        2.25     0.150000      2339248         1.18
        2.27     0.200000      2993053         1.25
        2.29     0.250000      3601215         1.33
        2.30     0.300000      4387419         1.43
        2.32     0.350000      5164821         1.54
        2.32     0.400000      5164821         1.67
        2.33     0.450000      5895088         1.82
        2.35     0.500000      6755593         2.00
        2.35     0.525000      6755593         2.11
        2.37     0.550000      7477887         2.22
        2.37     0.575000      7477887         2.35
        2.38     0.600000      8178390         2.50
        2.38     0.625000      8178390         2.67
        2.40     0.650000      8904785         2.86
        2.40     0.675000      8904785         3.08
        2.40     0.700000      8904785         3.33
        2.42     0.725000      9458475         3.64
        2.43     0.750000      9997258         4.00
        2.43     0.762500      9997258         4.21
        2.43     0.775000      9997258         4.44
        2.43     0.787500      9997258         4.71
        2.45     0.800000     10482108         5.00
        2.45     0.812500     10482108         5.33
        2.45     0.825000     10482108         5.71
        2.46     0.837500     10850465         6.15
        2.46     0.850000     10850465         6.67
        2.48     0.862500     11204692         7.27
        2.48     0.875000     11204692         8.00
        2.48     0.881250     11204692         8.42
        2.50     0.887500     11491954         8.89
        2.50     0.893750     11491954         9.41
        2.50     0.900000     11491954        10.00
        2.51     0.906250     11714429        10.67
        2.51     0.912500     11714429        11.43
        2.51     0.918750     11714429        12.31
        2.53     0.925000     11914888        13.33
        2.53     0.931250     11914888        14.55
        2.53     0.937500     11914888        16.00
        2.54     0.940625     12061582        16.84
        2.54     0.943750     12061582        17.78
        2.54     0.946875     12061582        18.82
        2.54     0.950000     12061582        20.00
        2.56     0.953125     12177498        21.33
        2.56     0.956250     12177498        22.86
        2.56     0.959375     12177498        24.62
        2.58     0.962500     12274179        26.67
        2.58     0.965625     12274179        29.09
        2.59     0.968750     12343228        32.00
        2.59     0.970313     12343228        33.68
        2.59     0.971875     12343228        35.56
        2.61     0.973437     12398382        37.65
        2.61     0.975000     12398382        40.00
        2.61     0.976562     12398382        42.67
        2.62     0.978125     12441839        45.71
        2.62     0.979688     12441839        49.23
        2.64     0.981250     12473966        53.33
        2.64     0.982812     12473966        58.18
        2.65     0.984375     12498511        64.00
        2.67     0.985156     12517310        67.37
        2.67     0.985938     12517310        71.11
        2.69     0.986719     12531168        75.29
        2.70     0.987500     12541969        80.00
        2.72     0.988281     12550609        85.33
        2.73     0.989062     12557538        91.43
        2.75     0.989844     12563299        98.46
        2.78     0.990625     12573470       106.67
        2.83     0.991406     12584003       116.36
        2.90     0.992188     12593721       128.00
        2.94     0.992578     12598525       134.74
        2.99     0.992969     12603063       142.22
        3.06     0.993359     12607723       150.59
        3.15     0.993750     12612990       160.00
        3.23     0.994141     12617407       170.67
        3.34     0.994531     12622395       182.86
        3.49     0.994922     12627253       196.92
        3.65     0.995313     12632174       213.33
        3.85     0.995703     12637101       232.73
        4.08     0.996094     12642137       256.00
        4.19     0.996289     12644529       269.47
        4.32     0.996484     12647220       284.44
        4.45     0.996680     12650050       301.18
        4.54     0.996875     12652643       320.00
        4.61     0.997070     12654782       341.33
        4.67     0.997266     12656887       365.71
        4.77     0.997461     12659801       393.85
        4.86     0.997656     12662101       426.67
        4.99     0.997852     12664574       465.45
        5.12     0.998047     12666746       512.00
        5.21     0.998145     12668253       538.95
        5.28     0.998242     12669322       568.89
        5.38     0.998340     12670859       602.35
        5.44     0.998437     12671845       640.00
        5.54     0.998535     12673338       682.67
        5.60     0.998633     12674179       731.43
        5.73     0.998730     12675793       787.69
        5.82     0.998828     12676970       853.33
        5.92     0.998926     12678114       930.91
        6.01     0.999023     12679132      1024.00
        6.11     0.999072     12680091      1077.89
        6.14     0.999121     12680429      1137.78
        6.21     0.999170     12681028      1204.71
        6.27     0.999219     12681707      1280.00
        6.33     0.999268     12682365      1365.33
        6.40     0.999316     12683021      1462.86
        6.46     0.999365     12683730      1575.38
        6.53     0.999414     12684429      1706.67
        6.56     0.999463     12684832      1861.82
        6.62     0.999512     12685520      2048.00
        6.66     0.999536     12685865      2155.79
        6.69     0.999561     12686267      2275.56
        6.69     0.999585     12686267      2409.41
        6.72     0.999609     12686635      2560.00
        6.75     0.999634     12686951      2730.67
        6.78     0.999658     12687281      2925.71
        6.82     0.999683     12687602      3150.77
        6.85     0.999707     12687930      3413.33
        6.88     0.999731     12688230      3723.64
        6.91     0.999756     12688492      4096.00
        6.94     0.999768     12688702      4311.58
        6.97     0.999780     12688909      4551.11
        6.97     0.999792     12688909      4818.82
        7.01     0.999805     12689072      5120.00
        7.04     0.999817     12689208      5461.33
        7.10     0.999829     12689446      5851.43
        7.13     0.999841     12689553      6301.54
        7.20     0.999854     12689693      6826.67
        7.29     0.999866     12689831      7447.27
        7.42     0.999878     12689973      8192.00
        7.52     0.999884     12690067      8623.16
        7.62     0.999890     12690154      9102.22
        7.68     0.999896     12690212      9637.65
        7.78     0.999902     12690314     10240.00
        7.87     0.999908     12690380     10922.67
        7.93     0.999915     12690446     11702.86
        8.03     0.999921     12690539     12603.08
        8.13     0.999927     12690604     13653.33
        8.26     0.999933     12690678     14894.55
        8.38     0.999939     12690753     16384.00
        8.51     0.999942     12690795     17246.32
        8.57     0.999945     12690826     18204.44
        8.70     0.999948     12690895     19275.29
        8.77     0.999951     12690916     20480.00
        8.89     0.999954     12690965     21845.33
        8.96     0.999957     12690996     23405.71
        9.02     0.999960     12691037     25206.15
        9.09     0.999963     12691068     27306.67
        9.21     0.999966     12691137     29789.09
        9.21     0.999969     12691137     32768.00
        9.28     0.999971     12691163     34492.63
        9.34     0.999973     12691178     36408.89
        9.41     0.999974     12691196     38550.59
        9.54     0.999976     12691223     40960.00
        9.60     0.999977     12691244     43690.67
        9.66     0.999979     12691257     46811.43
        9.79     0.999980     12691272     50412.31
        9.92     0.999982     12691307     54613.33
        9.98     0.999983     12691314     59578.18
       10.11     0.999985     12691335     65536.00
       10.18     0.999986     12691339     68985.26
       10.37     0.999986     12691354     72817.78
       10.49     0.999987     12691358     77101.18
       10.62     0.999988     12691370     81920.00
       10.75     0.999989     12691384     87381.33
       10.81     0.999989     12691390     93622.86
       11.07     0.999990     12691401    100824.62
       11.20     0.999991     12691406    109226.67
       11.46     0.999992     12691419    119156.36
       11.58     0.999992     12691426    131072.00
       11.71     0.999993     12691433    137970.53
       11.78     0.999993     12691436    145635.56
       11.97     0.999994     12691444    154202.35
       12.03     0.999994     12691445    163840.00
       12.10     0.999994     12691452    174762.67
       12.16     0.999995     12691458    187245.71
       12.22     0.999995     12691462    201649.23
       12.35     0.999995     12691464    218453.33
       12.41     0.999996     12691469    238312.73
       12.54     0.999996     12691475    262144.00
       12.61     0.999996     12691477    275941.05
       12.67     0.999997     12691479    291271.11
       12.73     0.999997     12691484    308404.71
       12.73     0.999997     12691484    327680.00
       12.80     0.999997     12691486    349525.33
       12.86     0.999997     12691489    374491.43
       12.93     0.999998     12691493    403298.46
       12.93     0.999998     12691493    436906.67
       12.99     0.999998     12691496    476625.45
       13.05     0.999998     12691501    524288.00
       13.05     0.999998     12691501    551882.11
       13.05     0.999998     12691501    582542.22
       13.12     0.999998     12691502    616809.41
       13.18     0.999998     12691505    655360.00
       13.18     0.999999     12691505    699050.67
       13.25     0.999999     12691509    748982.86
       13.25     0.999999     12691509    806596.92
       13.25     0.999999     12691509    873813.33
       13.25     0.999999     12691509    953250.91
       13.31     0.999999     12691511   1048576.00
       13.31     0.999999     12691511   1103764.21
       13.38     0.999999     12691513   1165084.44
       13.38     0.999999     12691513   1233618.82
       13.38     0.999999     12691513   1310720.00
       13.38     0.999999     12691513   1398101.33
       13.44     0.999999     12691514   1497965.71
       13.50     0.999999     12691515   1613193.85
       13.50     0.999999     12691515   1747626.67
       13.57     0.999999     12691516   1906501.82
       13.57     1.000000     12691516   2097152.00
       13.63     1.000000     12691517   2207528.42
       13.63     1.000000     12691517   2330168.89
       13.63     1.000000     12691517   2467237.65
       13.70     1.000000     12691518   2621440.00
       13.70     1.000000     12691518   2796202.67
       13.70     1.000000     12691518   2995931.43
       13.76     1.000000     12691519   3226387.69
       13.76     1.000000     12691519   3495253.33
       13.76     1.000000     12691519   3813003.64
       13.76     1.000000     12691519   4194304.00
       13.82     1.000000     12691520   4415056.84
       13.82     1.000000     12691520   4660337.78
       13.82     1.000000     12691520   4934475.29
       13.82     1.000000     12691520   5242880.00
       13.82     1.000000     12691520   5592405.33
       13.82     1.000000     12691520   5991862.86
       13.89     1.000000     12691521   6452775.39
       13.89     1.000000     12691521   6990506.67
       13.89     1.000000     12691521   7626007.28
       13.89     1.000000     12691521   8388608.00
       13.89     1.000000     12691521   8830113.68
       13.89     1.000000     12691521   9320675.55
       13.89     1.000000     12691521   9868950.59
       13.89     1.000000     12691521  10485760.00
       13.89     1.000000     12691521  11184810.67
       13.89     1.000000     12691521  11983725.71
       13.95     1.000000     12691522  12905550.76
       13.95     1.000000     12691522          inf
#[Mean    =        2.363, StdDeviation   =        0.243]
#[Max     =       13.951, Total count    =     12691522]
#[Buckets =           10, SubBuckets     =          256]
