       Value   Percentile   TotalCount 1/(1-Percentile)

        0.08     0.000000            1         1.00
        4.25     0.050000       358948         1.05
        4.35     0.100000       774152         1.11
        4.42     0.150000      1023306         1.18
        4.45     0.200000      1400380         1.25
        4.51     0.250000      1820296         1.33
        4.54     0.300000      2242596         1.43
        4.54     0.350000      2242596         1.54
        4.61     0.400000      2791290         1.67
        4.64     0.450000      3169927         1.82
        4.67     0.500000      3373480         2.00
        4.67     0.525000      3373480         2.11
        4.70     0.550000      3762525         2.22
        4.70     0.575000      3762525         2.35
        4.74     0.600000      4068144         2.50
        4.74     0.625000      4068144         2.67
        4.77     0.650000      4265384         2.86
        4.80     0.675000      4604310         3.08
        4.80     0.700000      4604310         3.33
        4.83     0.725000      4827737         3.64
        4.83     0.750000      4827737         4.00
        4.86     0.762500      4993383         4.21
        4.86     0.775000      4993383         4.44
        4.89     0.787500      5242021         4.71
        4.89     0.800000      5242021         5.00
        4.89     0.812500      5242021         5.33
        4.93     0.825000      5396531         5.71
        4.93     0.837500      5396531         6.15
        4.96     0.850000      5518213         6.67
        4.99     0.862500      5674015         7.27
        4.99     0.875000      5674015         8.00
        4.99     0.881250      5674015         8.42
        5.02     0.887500      5774176         8.89
        5.02     0.893750      5774176         9.41
        5.02     0.900000      5774176        10.00
        5.05     0.906250      5855254        10.67
        5.05     0.912500      5855254        11.43
        5.09     0.918750      5944286        12.31
        5.09     0.925000      5944286        13.33
        5.12     0.931250      6003950        14.55
        5.15     0.937500      6053567        16.00
        5.15     0.940625      6053567        16.84
        5.15     0.943750      6053567        17.78
        5.18     0.946875      6100966        18.82
        5.18     0.950000      6100966        20.00
        5.21     0.953125      6136603        21.33
        5.21     0.956250      6136603        22.86
        5.25     0.959375      6167638        24.62
        5.25     0.962500      6167638        26.67
        5.28     0.965625      6193075        29.09
        5.31     0.968750      6212374        32.00
        5.34     0.970313      6229832        33.68
        5.34     0.971875      6229832        35.56
        5.38     0.973437      6243762        37.65
        5.41     0.975000      6255839        40.00
        5.41     0.976562      6255839        42.67
        5.44     0.978125      6267010        45.71
        5.50     0.979688      6283569        49.23
        5.54     0.981250      6290934        53.33
        5.57     0.982812      6297136        58.18
        5.63     0.984375      6307995        64.00
        5.66     0.985156      6312333        67.37
        5.70     0.985938      6316552        71.11
        5.76     0.986719      6323974        75.29
        5.79     0.987500      6327502        80.00
        5.86     0.988281      6333681        85.33
        5.89     0.989062      6336729        91.43
        5.95     0.989844      6341273        98.46
        6.05     0.990625      6346896       106.67
        6.14     0.991406      6352213       116.36
        6.24     0.992188      6356498       128.00
        6.30     0.992578      6358875       134.74
        6.37     0.992969      6361128       142.22
        6.46     0.993359      6364191       150.59
        6.53     0.993750      6366016       160.00
        6.62     0.994141      6368742       170.67
        6.72     0.994531      6371398       182.86
        6.82     0.994922      6373969       196.92
        6.91     0.995313      6376286       213.33
        7.01     0.995703      6378640       232.73
        7.13     0.996094      6381550       256.00
        7.17     0.996289      6382246       269.47
        7.23     0.996484      6383681       284.44
        7.29     0.996680      6384999       301.18
        7.36     0.996875      6386233       320.00
        7.42     0.997070      6387461       341.33
        7.49     0.997266      6388561       365.71
        7.58     0.997461      6390090       393.85
        7.65     0.997656      6391091       426.67
        7.74     0.997852      6392312       465.45
        7.87     0.998047      6393680       512.00
        7.93     0.998145      6394251       538.95
        8.00     0.998242      6394793       568.89
        8.10     0.998340      6395534       602.35
        8.16     0.998437      6396023       640.00
        8.26     0.998535      6396623       682.67
        8.38     0.998633      6397293       731.43
        8.51     0.998730      6397837       787.69
        8.70     0.998828      6398530       853.33
        8.89     0.998926      6399092       930.91
        9.15     0.999023      6399700      1024.00
        9.34     0.999072      6400058      1077.89
        9.54     0.999121      6400461      1137.78
        9.66     0.999170      6400735      1204.71
        9.79     0.999219      6400968      1280.00
        9.98     0.999268      6401338      1365.33
       10.11     0.999316      6401592      1462.86
       10.30     0.999365      6401946      1575.38
       10.49     0.999414      6402263      1706.67
       10.69     0.999463      6402597      1861.82
       10.81     0.999512      6402842      2048.00
       10.94     0.999536      6403025      2155.79
       11.07     0.999561      6403197      2275.56
       11.13     0.999585      6403313      2409.41
       11.26     0.999609      6403543      2560.00
       11.33     0.999634      6403633      2730.67
       11.46     0.999658      6403816      2925.71
       11.58     0.999683      6404010      3150.77
       11.65     0.999707      6404097      3413.33
       11.78     0.999731      6404274      3723.64
       11.90     0.999756      6404432      4096.00
       11.97     0.999768      6404499      4311.58
       12.03     0.999780      6404587      4551.11
       12.10     0.999792      6404651      4818.82
       12.16     0.999805      6404729      5120.00
       12.22     0.999817      6404797      5461.33
       12.29     0.999829      6404866      5851.43
       12.41     0.999841      6404976      6301.54
       12.48     0.999854      6405033      6826.67
       12.61     0.999866      6405099      7447.27
       12.73     0.999878      6405185      8192.00
       12.80     0.999884      6405219      8623.16
       12.93     0.999890      6405277      9102.22
       12.99     0.999896      6405297      9637.65
       13.05     0.999902      6405332     10240.00
       13.18     0.999908      6405374     10922.67
       13.31     0.999915      6405405     11702.86
       13.44     0.999921      6405443     12603.08
       13.63     0.999927      6405521     13653.33
       13.63     0.999933      6405521     14894.55
       13.82     0.999939      6405573     16384.00
       13.89     0.999942      6405585     17246.32
       13.95     0.999945      6405603     18204.44
       14.02     0.999948      6405621     19275.29
       14.14     0.999951      6405647     20480.00
       14.27     0.999954      6405678     21845.33
       14.27     0.999957      6405678     23405.71
       14.40     0.999960      6405707     25206.15
       14.46     0.999963      6405719     27306.67
       14.59     0.999966      6405742     29789.09
       14.72     0.999969      6405759     32768.00
       14.85     0.999971      6405768     34492.63
       14.91     0.999973      6405776     36408.89
       14.97     0.999974      6405787     38550.59
       15.17     0.999976      6405796     40960.00
       15.29     0.999977      6405805     43690.67
       15.55     0.999979      6405816     46811.43
       15.68     0.999980      6405826     50412.31
       15.87     0.999982      6405835     54613.33
       16.06     0.999983      6405844     59578.18
       16.32     0.999985      6405855     65536.00
       16.38     0.999986      6405859     68985.26
       16.51     0.999986      6405864     72817.78
       16.64     0.999987      6405873     77101.18
       16.64     0.999988      6405873     81920.00
       16.77     0.999989      6405882     87381.33
       16.89     0.999989      6405884     93622.86
       17.02     0.999990      6405889    100824.62
       17.15     0.999991      6405893    109226.67
       17.41     0.999992      6405902    119156.36
       17.54     0.999992      6405905    131072.00
       17.54     0.999993      6405905    137970.53
       17.66     0.999993      6405908    145635.56
       17.79     0.999994      6405915    154202.35
       17.79     0.999994      6405915    163840.00
       17.79     0.999994      6405915    174762.67
       18.05     0.999995      6405920    187245.71
       18.05     0.999995      6405920    201649.23
       18.18     0.999995      6405922    218453.33
       18.30     0.999996      6405925    238312.73
       18.43     0.999996      6405928    262144.00
       18.43     0.999996      6405928    275941.05
       18.56     0.999997      6405930    291271.11
       18.69     0.999997      6405934    308404.71
       18.69     0.999997      6405934    327680.00
       18.69     0.999997      6405934    349525.33
       18.69     0.999997      6405934    374491.43
       18.82     0.999998      6405936    403298.46
       18.94     0.999998      6405938    436906.67
       18.94     0.999998      6405938    476625.45
       19.07     0.999998      6405942    524288.00
       19.07     0.999998      6405942    551882.11
       19.07     0.999998      6405942    582542.22
       19.07     0.999998      6405942    616809.41
       19.07     0.999998      6405942    655360.00
       19.07     0.999999      6405942    699050.67
       19.20     0.999999      6405945    748982.86
       19.20     0.999999      6405945    806596.92
       19.20     0.999999      6405945    873813.33
       19.20     0.999999      6405945    953250.91
       19.20     0.999999      6405945   1048576.00
       19.33     0.999999      6405946   1103764.21
       19.33     0.999999      6405946   1165084.44
       19.33     0.999999      6405946   1233618.82
       19.45     0.999999      6405948   1310720.00
       19.45     0.999999      6405948   1398101.33
       19.45     0.999999      6405948   1497965.71
       19.45     0.999999      6405948   1613193.85
       19.45     0.999999      6405948   1747626.67
       19.45     0.999999      6405948   1906501.82
       19.45     1.000000      6405948   2097152.00
       19.97     1.000000      6405949   2207528.42
       19.97     1.000000      6405949   2330168.89
       19.97     1.000000      6405949   2467237.65
       19.97     1.000000      6405949   2621440.00
       19.97     1.000000      6405949   2796202.67
       19.97     1.000000      6405949   2995931.43
       20.22     1.000000      6405950   3226387.69
       20.22     1.000000      6405950   3495253.33
       20.22     1.000000      6405950   3813003.64
       20.22     1.000000      6405950   4194304.00
       20.22     1.000000      6405950   4415056.84
       20.22     1.000000      6405950   4660337.78
       20.22     1.000000      6405950   4934475.29
       20.22     1.000000      6405950   5242880.00
       20.22     1.000000      6405950   5592405.33
       20.22     1.000000      6405950   5991862.86
       20.35     1.000000      6405951   6452775.39
       20.35     1.000000      6405951          inf
#[Mean    =        4.682, StdDeviation   =        0.442]
#[Max     =       20.351, Total count    =      6405951]
#[Buckets =           10, SubBuckets     =          256]
