       Value   Percentile   TotalCount 1/(1-Percentile)

        0.06     0.000000            1         1.00
        1.28     0.050000      1161027         1.05
        1.30     0.100000      2079730         1.11
        1.33     0.150000      3175827         1.18
        1.35     0.200000      4292302         1.25
        1.37     0.250000      4983976         1.33
        1.40     0.300000      6262885         1.43
        1.42     0.350000      7187659         1.54
        1.45     0.400000      8166454         1.67
        1.47     0.450000      9219922         1.82
        1.49     0.500000      9961278         2.00
        1.50     0.525000     10684944         2.11
        1.51     0.550000     11067793         2.22
        1.53     0.575000     11778257         2.35
        1.53     0.600000     12144847         2.50
        1.54     0.625000     12504559         2.67
        1.56     0.650000     13183801         2.86
        1.57     0.675000     13528591         3.08
        1.58     0.700000     14190046         3.33
        1.59     0.725000     14510116         3.64
        1.61     0.750000     15129373         4.00
        1.61     0.762500     15434057         4.21
        1.61     0.775000     15434057         4.44
        1.62     0.787500     15719717         4.71
        1.63     0.800000     15994581         5.00
        1.64     0.812500     16262596         5.33
        1.65     0.825000     16533306         5.71
        1.66     0.837500     16780800         6.15
        1.66     0.850000     17011458         6.67
        1.67     0.862500     17226036         7.27
        1.68     0.875000     17441530         8.00
        1.69     0.881250     17642181         8.42
        1.70     0.887500     17819376         8.89
        1.70     0.893750     17819376         9.41
        1.70     0.900000     17969945        10.00
        1.71     0.906250     18126256        10.67
        1.72     0.912500     18283660        11.43
        1.72     0.918750     18283660        12.31
        1.73     0.925000     18418556        13.33
        1.74     0.931250     18631984        14.55
        1.75     0.937500     18756373        16.00
        1.75     0.940625     18756373        16.84
        1.76     0.943750     18864394        17.78
        1.76     0.946875     18864394        18.82
        1.77     0.950000     18939400        20.00
        1.77     0.953125     19016366        21.33
        1.78     0.956250     19107745        22.86
        1.78     0.959375     19107745        24.62
        1.79     0.962500     19188953        26.67
        1.80     0.965625     19241662        29.09
        1.81     0.968750     19290536        32.00
        1.81     0.970313     19350017        33.68
        1.81     0.971875     19350017        35.56
        1.82     0.973437     19404489        37.65
        1.82     0.975000     19404489        40.00
        1.83     0.976562     19438779        42.67
        1.84     0.978125     19466996        45.71
        1.85     0.979688     19502082        49.23
        1.85     0.981250     19534864        53.33
        1.87     0.982812     19573569        58.18
        1.88     0.984375     19594185        64.00
        1.89     0.985156     19614458        67.37
        1.90     0.985938     19628414        71.11
        1.90     0.986719     19638930        75.29
        1.91     0.987500     19651023        80.00
        1.93     0.988281     19671300        85.33
        1.94     0.989062     19682639        91.43
        1.98     0.989844     19698797        98.46
        2.03     0.990625     19713897       106.67
        2.14     0.991406     19729891       116.36
        2.30     0.992188     19744762       128.00
        2.43     0.992578     19752642       134.74
        2.54     0.992969     19761593       142.22
        2.59     0.993359     19769400       150.59
        2.62     0.993750     19775389       160.00
        2.67     0.994141     19783987       170.67
        2.73     0.994531     19792543       182.86
        2.80     0.994922     19799229       196.92
        2.88     0.995313     19807868       213.33
        2.93     0.995703     19814202       232.73
        2.99     0.996094     19823092       256.00
        3.02     0.996289     19827369       269.47
        3.06     0.996484     19831190       284.44
        3.09     0.996680     19834520       301.18
        3.12     0.996875     19837482       320.00
        3.17     0.997070     19841829       341.33
        3.21     0.997266     19846311       365.71
        3.25     0.997461     19849095       393.85
        3.31     0.997656     19853918       426.67
        3.38     0.997852     19857422       465.45
        3.47     0.998047     19860787       512.00
        3.54     0.998145     19862837       538.95
        3.62     0.998242     19864748       568.89
        3.71     0.998340     19866510       602.35
        3.85     0.998437     19868598       640.00
        3.98     0.998535     19870390       682.67
        4.13     0.998633     19872379       731.43
        4.29     0.998730     19874525       787.69
        4.42     0.998828     19876222       853.33
        4.58     0.998926     19878331       930.91
        4.74     0.999023     19880376      1024.00
        4.80     0.999072     19881299      1077.89
        4.86     0.999121     19882094      1137.78
        4.96     0.999170     19883302      1204.71
        5.02     0.999219     19884087      1280.00
        5.12     0.999268     19885277      1365.33
        5.18     0.999316     19886088      1462.86
        5.28     0.999365     19887195      1575.38
        5.34     0.999414     19887935      1706.67
        5.44     0.999463     19889026      1861.82
        5.54     0.999512     19890074      2048.00
        5.57     0.999536     19890434      2155.79
        5.63     0.999561     19891040      2275.56
        5.66     0.999585     19891396      2409.41
        5.73     0.999609     19891981      2560.00
        5.76     0.999634     19892281      2730.67
        5.82     0.999658     19892847      2925.71
        5.89     0.999683     19893379      3150.77
        5.95     0.999707     19893855      3413.33
        6.01     0.999731     19894332      3723.64
        6.08     0.999756     19894773      4096.00
        6.11     0.999768     19894984      4311.58
        6.14     0.999780     19895187      4551.11
        6.17     0.999792     19895416      4818.82
        6.24     0.999805     19895842      5120.00
        6.27     0.999817     19896102      5461.33
        6.30     0.999829     19896341      5851.43
        6.33     0.999841     19896586      6301.54
        6.37     0.999854     19896810      6826.67
        6.40     0.999866     19897072      7447.27
        6.43     0.999878     19897311      8192.00
        6.43     0.999884     19897311      8623.16
        6.46     0.999890     19897530      9102.22
        6.46     0.999896     19897530      9637.65
        6.50     0.999902     19897733     10240.00
        6.50     0.999908     19897733     10922.67
        6.53     0.999915     19897882     11702.86
        6.56     0.999921     19898027     12603.08
        6.59     0.999927     19898141     13653.33
        6.62     0.999933     19898257     14894.55
        6.66     0.999939     19898323     16384.00
        6.69     0.999942     19898388     17246.32
        6.75     0.999945     19898483     18204.44
        6.78     0.999948     19898521     19275.29
        6.85     0.999951     19898583     20480.00
        6.94     0.999954     19898632     21845.33
        7.04     0.999957     19898684     23405.71
        7.20     0.999960     19898747     25206.15
        7.33     0.999963     19898809     27306.67
        7.49     0.999966     19898865     29789.09
        7.68     0.999969     19898925     32768.00
        7.78     0.999971     19898957     34492.63
        7.90     0.999973     19898995     36408.89
        8.00     0.999974     19899016     38550.59
        8.10     0.999976     19899047     40960.00
        8.26     0.999977     19899103     43690.67
        8.32     0.999979     19899109     46811.43
        8.51     0.999980     19899155     50412.31
        8.57     0.999982     19899178     54613.33
        8.70     0.999983     19899198     59578.18
        8.96     0.999985     19899228     65536.00
        9.09     0.999986     19899251     68985.26
        9.21     0.999986     19899259     72817.78
        9.34     0.999987     19899275     77101.18
        9.60     0.999988     19899305     81920.00
        9.60     0.999989     19899305     87381.33
        9.73     0.999989     19899324     93622.86
        9.86     0.999990     19899336    100824.62
        9.98     0.999991     19899354    109226.67
       10.18     0.999992     19899374    119156.36
       10.24     0.999992     19899380    131072.00
       10.30     0.999993     19899387    137970.53
       10.43     0.999993     19899398    145635.56
       10.49     0.999994     19899405    154202.35
       10.56     0.999994     19899410    163840.00
       10.69     0.999994     19899417    174762.67
       10.81     0.999995     19899428    187245.71
       10.94     0.999995     19899434    201649.23
       11.01     0.999995     19899444    218453.33
       11.13     0.999996     19899448    238312.73
       11.20     0.999996     19899456    262144.00
       11.26     0.999996     19899458    275941.05
       11.46     0.999997     19899465    291271.11
       11.52     0.999997     19899475    308404.71
       11.52     0.999997     19899475    327680.00
       11.52     0.999997     19899475    349525.33
       11.58     0.999997     19899478    374491.43
       11.65     0.999998     19899481    403298.46
       11.78     0.999998     19899490    436906.67
       11.78     0.999998     19899490    476625.45
       11.84     0.999998     19899495    524288.00
       11.84     0.999998     19899495    551882.11
       11.90     0.999998     19899497    582542.22
       11.97     0.999998     19899500    616809.41
       11.97     0.999998     19899500    655360.00
       12.03     0.999999     19899503    699050.67
       12.10     0.999999     19899507    748982.86
       12.10     0.999999     19899507    806596.92
       12.16     0.999999     19899509    873813.33
       12.22     0.999999     19899514    953250.91
       12.22     0.999999     19899514   1048576.00
       12.22     0.999999     19899514   1103764.21
       12.22     0.999999     19899514   1165084.44
       12.22     0.999999     19899514   1233618.82
       12.29     0.999999     19899516   1310720.00
       12.29     0.999999     19899516   1398101.33
       12.35     0.999999     19899519   1497965.71
       12.35     0.999999     19899519   1613193.85
       12.35     0.999999     19899519   1747626.67
       12.41     0.999999     19899522   1906501.82
       12.41     1.000000     19899522   2097152.00
       12.41     1.000000     19899522   2207528.42
       12.41     1.000000     19899522   2330168.89
       12.41     1.000000     19899522   2467237.65
       12.48     1.000000     19899525   2621440.00
       12.48     1.000000     19899525   2796202.67
       12.48     1.000000     19899525   2995931.43
       12.48     1.000000     19899525   3226387.69
       12.48     1.000000     19899525   3495253.33
       12.48     1.000000     19899525   3813003.64
       12.54     1.000000     19899528   4194304.00
       12.54     1.000000     19899528   4415056.84
       12.54     1.000000     19899528   4660337.78
       12.54     1.000000     19899528   4934475.29
       12.54     1.000000     19899528   5242880.00
       12.54     1.000000     19899528   5592405.33
       12.54     1.000000     19899528   5991862.86
       12.54     1.000000     19899528   6452775.39
       12.54     1.000000     19899528   6990506.67
       12.54     1.000000     19899528   7626007.28
       12.54     1.000000     19899528   8388608.00
       12.54     1.000000     19899528   8830113.68
       12.54     1.000000     19899528   9320675.55
       12.54     1.000000     19899528   9868950.59
       12.61     1.000000     19899529  10485760.00
       12.61     1.000000     19899529  11184810.67
       12.61     1.000000     19899529  11983725.71
       12.61     1.000000     19899529  12905550.76
       12.61     1.000000     19899529  13981013.34
       12.61     1.000000     19899529  15252014.55
       12.61     1.000000     19899529  16777216.00
       12.61     1.000000     19899529  17660227.38
       12.61     1.000000     19899529  18641351.10
       12.61     1.000000     19899529  19737901.19
       13.31     1.000000     19899530  20971519.98
       13.31     1.000000     19899530          inf
#[Mean    =        1.507, StdDeviation   =        0.242]
#[Max     =       13.311, Total count    =     19899530]
#[Buckets =           10, SubBuckets     =          256]
