       Value   Percentile   TotalCount 1/(1-Percentile)

        0.10     0.000000            1         1.00
        1.42     0.050000       115648         1.05
        1.45     0.100000       211912         1.11
        1.46     0.150000       286569         1.18
        1.48     0.200000       389451         1.25
        1.50     0.250000       482680         1.33
        1.50     0.300000       543153         1.43
        1.52     0.350000       640927         1.54
        1.53     0.400000       760241         1.67
        1.54     0.450000       806666         1.82
        1.56     0.500000       915760         2.00
        1.57     0.525000       966788         2.11
        1.57     0.550000      1008693         2.22
        1.58     0.575000      1058071         2.35
        1.59     0.600000      1110138         2.50
        1.59     0.625000      1110138         2.67
        1.60     0.650000      1154131         2.86
        1.61     0.675000      1193154         3.08
        1.61     0.700000      1238413         3.33
        1.62     0.725000      1283877         3.64
        1.64     0.750000      1356120         4.00
        1.64     0.762500      1356120         4.21
        1.65     0.775000      1393566         4.44
        1.65     0.787500      1393566         4.71
        1.66     0.800000      1431091         5.00
        1.66     0.812500      1462130         5.33
        1.66     0.825000      1462130         5.71
        1.67     0.837500      1488896         6.15
        1.68     0.850000      1517471         6.67
        1.69     0.862500      1545595         7.27
        1.69     0.875000      1545595         8.00
        1.70     0.881250      1568424         8.42
        1.70     0.887500      1568424         8.89
        1.70     0.893750      1587179         9.41
        1.71     0.900000      1606893        10.00
        1.71     0.906250      1606893        10.67
        1.72     0.912500      1626105        11.43
        1.72     0.918750      1626105        12.31
        1.73     0.925000      1640999        13.33
        1.74     0.931250      1653126        14.55
        1.74     0.937500      1666200        16.00
        1.74     0.940625      1666200        16.84
        1.74     0.943750      1666200        17.78
        1.75     0.946875      1678397        18.82
        1.75     0.950000      1678397        20.00
        1.76     0.953125      1687182        21.33
        1.77     0.956250      1694201        22.86
        1.77     0.959375      1694201        24.62
        1.77     0.962500      1701446        26.67
        1.78     0.965625      1708236        29.09
        1.79     0.968750      1712899        32.00
        1.79     0.970313      1712899        33.68
        1.80     0.971875      1716665        35.56
        1.81     0.973437      1720439        37.65
        1.81     0.975000      1723733        40.00
        1.81     0.976562      1723733        42.67
        1.83     0.978125      1727983        45.71
        1.84     0.979688      1730011        49.23
        1.85     0.981250      1732927        53.33
        1.87     0.982812      1735036        58.18
        1.90     0.984375      1737661        64.00
        1.91     0.985156      1739094        67.37
        1.93     0.985938      1740156        71.11
        1.96     0.986719      1741742        75.29
        2.00     0.987500      1743045        80.00
        2.05     0.988281      1744307        85.33
        2.11     0.989062      1745767        91.43
        2.19     0.989844      1747218        98.46
        2.27     0.990625      1748449       106.67
        2.40     0.991406      1749867       116.36
        2.56     0.992188      1751160       128.00
        2.70     0.992578      1751881       134.74
        2.80     0.992969      1752511       142.22
        2.86     0.993359      1753283       150.59
        2.91     0.993750      1754113       160.00
        2.94     0.994141      1754703       170.67
        2.98     0.994531      1755286       182.86
        3.02     0.994922      1756067       196.92
        3.07     0.995313      1756800       213.33
        3.12     0.995703      1757511       232.73
        3.17     0.996094      1758107       256.00
        3.20     0.996289      1758505       269.47
        3.23     0.996484      1758887       284.44
        3.25     0.996680      1759088       301.18
        3.28     0.996875      1759403       320.00
        3.33     0.997070      1759802       341.33
        3.39     0.997266      1760128       365.71
        3.49     0.997461      1760464       393.85
        3.63     0.997656      1760782       426.67
        3.82     0.997852      1761144       465.45
        4.01     0.998047      1761469       512.00
        4.13     0.998145      1761646       538.95
        4.25     0.998242      1761861       568.89
        4.35     0.998340      1762004       602.35
        4.45     0.998437      1762171       640.00
        4.58     0.998535      1762358       682.67
        4.70     0.998633      1762540       731.43
        4.83     0.998730      1762707       787.69
        4.96     0.998828      1762879       853.33
        5.09     0.998926      1763043       930.91
        5.25     0.999023      1763227      1024.00
        5.31     0.999072      1763323      1077.89
        5.34     0.999121      1763369      1137.78
        5.44     0.999170      1763480      1204.71
        5.50     0.999219      1763543      1280.00
        5.60     0.999268      1763650      1365.33
        5.66     0.999316      1763717      1462.86
        5.76     0.999365      1763816      1575.38
        5.86     0.999414      1763898      1706.67
        5.95     0.999463      1763995      1861.82
        6.05     0.999512      1764085      2048.00
        6.08     0.999536      1764117      2155.79
        6.11     0.999561      1764141      2275.56
        6.14     0.999585      1764182      2409.41
        6.21     0.999609      1764245      2560.00
        6.24     0.999634      1764270      2730.67
        6.30     0.999658      1764317      2925.71
        6.37     0.999683      1764368      3150.77
        6.40     0.999707      1764398      3413.33
        6.46     0.999731      1764461      3723.64
        6.50     0.999756      1764488      4096.00
        6.53     0.999768      1764511      4311.58
        6.59     0.999780      1764538      4551.11
        6.66     0.999792      1764553      4818.82
        6.78     0.999805      1764573      5120.00
        6.97     0.999817      1764595      5461.33
        7.17     0.999829      1764614      5851.43
        7.33     0.999841      1764634      6301.54
        7.58     0.999854      1764656      6826.67
        7.90     0.999866      1764678      7447.27
        8.32     0.999878      1764699      8192.00
        8.51     0.999884      1764710      8623.16
        8.83     0.999890      1764723      9102.22
        9.02     0.999896      1764732      9637.65
        9.21     0.999902      1764742     10240.00
        9.54     0.999908      1764756     10922.67
        9.73     0.999915      1764765     11702.86
        9.98     0.999921      1764775     12603.08
       10.18     0.999927      1764786     13653.33
       10.43     0.999933      1764796     14894.55
       10.69     0.999939      1764808     16384.00
       10.81     0.999942      1764813     17246.32
       10.94     0.999945      1764821     18204.44
       11.01     0.999948      1764824     19275.29
       11.13     0.999951      1764828     20480.00
       11.26     0.999954      1764835     21845.33
       11.39     0.999957      1764840     23405.71
       11.46     0.999960      1764845     25206.15
       11.65     0.999963      1764854     27306.67
       11.71     0.999966      1764856     29789.09
       11.84     0.999969      1764864     32768.00
       11.84     0.999971      1764864     34492.63
       11.90     0.999973      1764867     36408.89
       11.97     0.999974      1764869     38550.59
       12.03     0.999976      1764871     40960.00
       12.16     0.999977      1764878     43690.67
       12.16     0.999979      1764878     46811.43
       12.22     0.999980      1764879     50412.31
       12.29     0.999982      1764883     54613.33
       12.35     0.999983      1764886     59578.18
       12.41     0.999985      1764889     65536.00
       12.41     0.999986      1764889     68985.26
       12.48     0.999986      1764891     72817.78
       12.54     0.999987      1764896     77101.18
       12.54     0.999988      1764896     81920.00
       12.54     0.999989      1764896     87381.33
       12.54     0.999989      1764896     93622.86
       12.61     0.999990      1764899    100824.62
       12.61     0.999991      1764899    109226.67
       12.67     0.999992      1764902    119156.36
       12.67     0.999992      1764902    131072.00
       12.67     0.999993      1764902    137970.53
       12.67     0.999993      1764902    145635.56
       12.73     0.999994      1764905    154202.35
       12.73     0.999994      1764905    163840.00
       12.73     0.999994      1764905    174762.67
       12.73     0.999995      1764905    187245.71
       12.80     0.999995      1764908    201649.23
       12.80     0.999995      1764908    218453.33
       12.80     0.999996      1764908    238312.73
       12.80     0.999996      1764908    262144.00
       12.80     0.999996      1764908    275941.05
       12.80     0.999997      1764908    291271.11
       12.86     0.999997      1764910    308404.71
       12.86     0.999997      1764910    327680.00
       12.86     0.999997      1764910    349525.33
       12.86     0.999997      1764910    374491.43
       12.86     0.999998      1764910    403298.46
       12.86     0.999998      1764910    436906.67
       12.93     0.999998      1764913    476625.45
       12.93     0.999998      1764913    524288.00
       12.93     0.999998      1764913    551882.11
       12.93     0.999998      1764913    582542.22
       12.93     0.999998      1764913    616809.41
       12.93     0.999998      1764913    655360.00
       12.93     0.999999      1764913    699050.67
       12.93     0.999999      1764913    748982.86
       12.93     0.999999      1764913    806596.92
       12.93     0.999999      1764913    873813.33
       12.93     0.999999      1764913    953250.91
       12.93     0.999999      1764913   1048576.00
       12.93     0.999999      1764913   1103764.21
       12.93     0.999999      1764913   1165084.44
       12.93     0.999999      1764913   1233618.82
       12.93     0.999999      1764913   1310720.00
       12.93     0.999999      1764913   1398101.33
       12.93     0.999999      1764913   1497965.71
       12.93     0.999999      1764913   1613193.85
       12.93     0.999999      1764913   1747626.67
       12.99     0.999999      1764914   1906501.82
       12.99     1.000000      1764914          inf
#[Mean    =        1.582, StdDeviation   =        0.250]
#[Max     =       12.991, Total count    =      1764914]
#[Buckets =           10, SubBuckets     =          256]
