       Value   Percentile   TotalCount 1/(1-Percentile)

        0.09     0.000000            1         1.00
        0.44     0.050000      4261978         1.05
        0.45     0.100000     12201612         1.11
        0.45     0.150000     12201612         1.18
        0.45     0.200000     12201612         1.25
        0.46     0.250000     23967115         1.33
        0.46     0.300000     23967115         1.43
        0.46     0.350000     23967115         1.54
        0.46     0.400000     23967115         1.67
        0.46     0.450000     35720946         1.82
        0.46     0.500000     35720946         2.00
        0.46     0.525000     35720946         2.11
        0.46     0.550000     35720946         2.22
        0.46     0.575000     35720946         2.35
        0.46     0.600000     35720946         2.50
        0.47     0.625000     44649169         2.67
        0.47     0.650000     44649169         2.86
        0.47     0.675000     44649169         3.08
        0.47     0.700000     44649169         3.33
        0.47     0.725000     44649169         3.64
        0.47     0.750000     44649169         4.00
        0.47     0.762500     44649169         4.21
        0.48     0.775000     50188564         4.44
        0.48     0.787500     50188564         4.71
        0.48     0.800000     50188564         5.00
        0.48     0.812500     50188564         5.33
        0.48     0.825000     50188564         5.71
        0.48     0.837500     50188564         6.15
        0.48     0.850000     50188564         6.67
        0.48     0.862500     50188564         7.27
        0.49     0.875000     53046853         8.00
        0.49     0.881250     53046853         8.42
        0.49     0.887500     53046853         8.89
        0.49     0.893750     53046853         9.41
        0.49     0.900000     53046853        10.00
        0.49     0.906250     53046853        10.67
        0.49     0.912500     53046853        11.43
        0.49     0.918750     53046853        12.31
        0.49     0.925000     54263660        13.33
        0.49     0.931250     54263660        14.55
        0.49     0.937500     54263660        16.00
        0.49     0.940625     54263660        16.84
        0.50     0.943750     54703620        17.78
        0.50     0.946875     54703620        18.82
        0.51     0.950000     54852943        20.00
        0.54     0.953125     55004240        21.33
        0.60     0.956250     55172718        22.86
        0.66     0.959375     55442850        24.62
        0.67     0.962500     55680973        26.67
        0.68     0.965625     56016669        29.09
        0.68     0.968750     56016669        32.00
        0.68     0.970313     56016669        33.68
        0.69     0.971875     56406891        35.56
        0.69     0.973437     56406891        37.65
        0.69     0.975000     56406891        40.00
        0.69     0.976562     56406891        42.67
        0.69     0.978125     56785028        45.71
        0.69     0.979688     56785028        49.23
        0.69     0.981250     56785028        53.33
        0.69     0.982812     56785028        58.18
        0.70     0.984375     57101965        64.00
        0.70     0.985156     57101965        67.37
        0.70     0.985938     57101965        71.11
        0.70     0.986719     57101965        75.29
        0.70     0.987500     57101965        80.00
        0.70     0.988281     57101965        85.33
        0.70     0.989062     57101965        91.43
        0.70     0.989844     57101965        98.46
        0.71     0.990625     57329568       106.67
        0.71     0.991406     57329568       116.36
        0.71     0.992188     57329568       128.00
        0.71     0.992578     57329568       134.74
        0.71     0.992969     57329568       142.22
        0.71     0.993359     57329568       150.59
        0.71     0.993750     57329568       160.00
        0.72     0.994141     57472021       170.67
        0.72     0.994531     57472021       182.86
        0.72     0.994922     57472021       196.92
        0.72     0.995313     57472021       213.33
        0.72     0.995703     57472021       232.73
        0.72     0.996094     57472021       256.00
        0.73     0.996289     57551292       269.47
        0.73     0.996484     57551292       284.44
        0.73     0.996680     57551292       301.18
        0.73     0.996875     57551292       320.00
        0.73     0.997070     57551292       341.33
        0.73     0.997266     57551292       365.71
        0.73     0.997461     57551292       393.85
        0.73     0.997656     57590576       426.67
        0.73     0.997852     57590576       465.45
        0.73     0.998047     57590576       512.00
        0.73     0.998145     57590576       538.95
        0.73     0.998242     57590576       568.89
        0.74     0.998340     57608413       602.35
        0.74     0.998437     57608413       640.00
        0.74     0.998535     57608413       682.67
        0.74     0.998633     57608413       731.43
        0.75     0.998730     57616102       787.69
        0.76     0.998828     57619725       853.33
        0.79     0.998926     57625570       930.91
        0.85     0.999023     57630651      1024.00
        0.88     0.999072     57633337      1077.89
        0.92     0.999121     57636132      1137.78
        1.06     0.999170     57638925      1204.71
        1.33     0.999219     57641701      1280.00
        1.61     0.999268     57644521      1365.33
        1.90     0.999316     57647336      1462.86
        2.19     0.999365     57650266      1575.38
        2.46     0.999414     57653006      1706.67
        2.75     0.999463     57655809      1861.82
        3.04     0.999512     57658597      2048.00
        3.18     0.999536     57660038      2155.79
        3.33     0.999561     57661478      2275.56
        3.47     0.999585     57662874      2409.41
        3.62     0.999609     57664279      2560.00
        3.76     0.999634     57665773      2730.67
        3.89     0.999658     57667049      2925.71
        4.05     0.999683     57668562      3150.77
        4.19     0.999707     57670123      3413.33
        4.32     0.999731     57671401      3723.64
        4.48     0.999756     57672849      4096.00
        4.54     0.999768     57673607      4311.58
        4.61     0.999780     57674190      4551.11
        4.67     0.999792     57674795      4818.82
        4.74     0.999805     57675577      5120.00
        4.83     0.999817     57676473      5461.33
        4.89     0.999829     57677049      5851.43
        4.96     0.999841     57677883      6301.54
        5.02     0.999854     57678304      6826.67
        5.09     0.999866     57679166      7447.27
        5.18     0.999878     57680219      8192.00
        5.18     0.999884     57680219      8623.16
        5.25     0.999890     57680653      9102.22
        5.28     0.999896     57681213      9637.65
        5.28     0.999902     57681213     10240.00
        5.31     0.999908     57681546     10922.67
        5.38     0.999915     57682195     11702.86
        5.38     0.999921     57682195     12603.08
        5.41     0.999927     57682708     13653.33
        5.44     0.999933     57682882     14894.55
        5.50     0.999939     57683849     16384.00
        5.50     0.999942     57683849     17246.32
        5.50     0.999945     57683849     18204.44
        5.50     0.999948     57683849     19275.29
        5.54     0.999951     57684165     20480.00
        5.54     0.999954     57684165     21845.33
        5.57     0.999957     57684353     23405.71
        5.60     0.999960     57684897     25206.15
        5.60     0.999963     57684897     27306.67
        5.60     0.999966     57684897     29789.09
        5.63     0.999969     57685366     32768.00
        5.63     0.999971     57685366     34492.63
        5.63     0.999973     57685366     36408.89
        5.63     0.999974     57685366     38550.59
        5.63     0.999976     57685366     40960.00
        5.66     0.999977     57685473     43690.67
        5.70     0.999979     57685731     46811.43
        5.70     0.999980     57685731     50412.31
        5.70     0.999982     57685731     54613.33
        5.73     0.999983     57686100     59578.18
        5.73     0.999985     57686100     65536.00
        5.73     0.999986     57686100     68985.26
        5.73     0.999986     57686100     72817.78
        5.73     0.999987     57686100     77101.18
        5.73     0.999988     57686100     81920.00
        5.73     0.999989     57686100     87381.33
        5.76     0.999989     57686208     93622.86
        5.76     0.999990     57686208    100824.62
        5.79     0.999991     57686299    109226.67
        5.79     0.999992     57686299    119156.36
        5.82     0.999992     57686460    131072.00
        5.82     0.999993     57686460    137970.53
        5.82     0.999993     57686460    145635.56
        5.82     0.999994     57686460    154202.35
        5.82     0.999994     57686460    163840.00
        5.82     0.999994     57686460    174762.67
        5.82     0.999995     57686460    187245.71
        5.86     0.999995     57686537    201649.23
        5.86     0.999995     57686537    218453.33
        5.86     0.999996     57686537    238312.73
        5.86     0.999996     57686537    262144.00
        5.89     0.999996     57686570    275941.05
        5.89     0.999997     57686570    291271.11
        5.89     0.999997     57686570    308404.71
        5.92     0.999997     57686628    327680.00
        5.92     0.999997     57686628    349525.33
        5.92     0.999997     57686628    374491.43
        5.92     0.999998     57686628    403298.46
        5.92     0.999998     57686628    436906.67
        5.92     0.999998     57686628    476625.45
        5.95     0.999998     57686656    524288.00
        5.95     0.999998     57686656    551882.11
        5.95     0.999998     57686656    582542.22
        5.95     0.999998     57686656    616809.41
        5.98     0.999998     57686673    655360.00
        5.98     0.999999     57686673    699050.67
        5.98     0.999999     57686673    748982.86
        6.01     0.999999     57686691    806596.92
        6.01     0.999999     57686691    873813.33
        6.01     0.999999     57686691    953250.91
        6.05     0.999999     57686720   1048576.00
        6.05     0.999999     57686720   1103764.21
        6.05     0.999999     57686720   1165084.44
        6.05     0.999999     57686720   1233618.82
        6.05     0.999999     57686720   1310720.00
        6.05     0.999999     57686720   1398101.33
        6.05     0.999999     57686720   1497965.71
        6.05     0.999999     57686720   1613193.85
        6.05     0.999999     57686720   1747626.67
        6.05     0.999999     57686720   1906501.82
        6.08     1.000000     57686736   2097152.00
        6.08     1.000000     57686736   2207528.42
        6.08     1.000000     57686736   2330168.89
        6.08     1.000000     57686736   2467237.65
        6.08     1.000000     57686736   2621440.00
        6.08     1.000000     57686736   2796202.67
        6.08     1.000000     57686736   2995931.43
        6.08     1.000000     57686736   3226387.69
        6.08     1.000000     57686736   3495253.33
        6.08     1.000000     57686736   3813003.64
        6.08     1.000000     57686736   4194304.00
        6.08     1.000000     57686736   4415056.84
        6.11     1.000000     57686739   4660337.78
        6.11     1.000000     57686739   4934475.29
        6.11     1.000000     57686739   5242880.00
        6.11     1.000000     57686739   5592405.33
        6.14     1.000000     57686744   5991862.86
        6.14     1.000000     57686744   6452775.39
        6.14     1.000000     57686744   6990506.67
        6.14     1.000000     57686744   7626007.28
        6.14     1.000000     57686744   8388608.00
        6.14     1.000000     57686744   8830113.68
        6.14     1.000000     57686744   9320675.55
        6.14     1.000000     57686744   9868950.59
        6.14     1.000000     57686744  10485760.00
        6.14     1.000000     57686744  11184810.67
        6.17     1.000000     57686747  11983725.71
        6.17     1.000000     57686747  12905550.76
        6.17     1.000000     57686747  13981013.34
        6.17     1.000000     57686747  15252014.55
        6.17     1.000000     57686747  16777216.00
        6.17     1.000000     57686747  17660227.38
        6.17     1.000000     57686747  18641351.10
        6.17     1.000000     57686747  19737901.19
        6.17     1.000000     57686747  20971519.98
        6.17     1.000000     57686747  22369621.33
        6.17     1.000000     57686747  23967451.45
        6.17     1.000000     57686747  25811101.52
        6.17     1.000000     57686747  27962026.68
        6.21     1.000000     57686748  30504029.05
        6.21     1.000000     57686748  33554432.00
        6.21     1.000000     57686748  35320454.76
        6.21     1.000000     57686748  37282702.28
        6.21     1.000000     57686748  39475802.28
        6.21     1.000000     57686748  41943039.96
        6.21     1.000000     57686748  44739242.67
        6.21     1.000000     57686748  47934902.91
        6.21     1.000000     57686748  51622203.20
        6.21     1.000000     57686748  55924053.19
        6.24     1.000000     57686749  61008058.10
        6.24     1.000000     57686749          inf
#[Mean    =        0.472, StdDeviation   =        0.107]
#[Max     =        6.239, Total count    =     57686749]
#[Buckets =           10, SubBuckets     =          256]
