       Value   Percentile   TotalCount 1/(1-Percentile)

        0.16     0.000000            1         1.00
        0.44     0.050000       600561         1.05
        0.44     0.100000       600561         1.11
        0.45     0.150000      1497012         1.18
        0.45     0.200000      1497012         1.25
        0.45     0.250000      1497012         1.33
        0.46     0.300000      2685190         1.43
        0.46     0.350000      2685190         1.54
        0.46     0.400000      2685190         1.67
        0.46     0.450000      2685190         1.82
        0.46     0.500000      3786993         2.00
        0.46     0.525000      3786993         2.11
        0.46     0.550000      3786993         2.22
        0.46     0.575000      3786993         2.35
        0.46     0.600000      3786993         2.50
        0.46     0.625000      3786993         2.67
        0.46     0.650000      3786993         2.86
        0.47     0.675000      4586273         3.08
        0.47     0.700000      4586273         3.33
        0.47     0.725000      4586273         3.64
        0.47     0.750000      4586273         4.00
        0.47     0.762500      4586273         4.21
        0.47     0.775000      4586273         4.44
        0.47     0.787500      4586273         4.71
        0.48     0.800000      5064331         5.00
        0.48     0.812500      5064331         5.33
        0.48     0.825000      5064331         5.71
        0.48     0.837500      5064331         6.15
        0.48     0.850000      5064331         6.67
        0.48     0.862500      5064331         7.27
        0.48     0.875000      5064331         8.00
        0.49     0.881250      5306160         8.42
        0.49     0.887500      5306160         8.89
        0.49     0.893750      5306160         9.41
        0.49     0.900000      5306160        10.00
        0.49     0.906250      5306160        10.67
        0.49     0.912500      5306160        11.43
        0.49     0.918750      5306160        12.31
        0.49     0.925000      5408051        13.33
        0.49     0.931250      5408051        14.55
        0.50     0.937500      5444882        16.00
        0.50     0.940625      5444882        16.84
        0.50     0.943750      5444882        17.78
        0.52     0.946875      5463004        18.82
        0.57     0.950000      5482487        20.00
        0.66     0.953125      5501664        21.33
        0.67     0.956250      5541116        22.86
        0.67     0.959375      5541116        24.62
        0.68     0.962500      5577811        26.67
        0.68     0.965625      5577811        29.09
        0.69     0.968750      5621125        32.00
        0.69     0.970313      5621125        33.68
        0.69     0.971875      5621125        35.56
        0.69     0.973437      5621125        37.65
        0.69     0.975000      5663895        40.00
        0.69     0.976562      5663895        42.67
        0.69     0.978125      5663895        45.71
        0.69     0.979688      5663895        49.23
        0.69     0.981250      5663895        53.33
        0.70     0.982812      5700230        58.18
        0.70     0.984375      5700230        64.00
        0.70     0.985156      5700230        67.37
        0.70     0.985938      5700230        71.11
        0.70     0.986719      5700230        75.29
        0.70     0.987500      5700230        80.00
        0.71     0.988281      5726767        85.33
        0.71     0.989062      5726767        91.43
        0.71     0.989844      5726767        98.46
        0.71     0.990625      5726767       106.67
        0.71     0.991406      5726767       116.36
        0.71     0.992188      5726767       128.00
        0.71     0.992578      5726767       134.74
        0.72     0.992969      5743743       142.22
        0.72     0.993359      5743743       150.59
        0.72     0.993750      5743743       160.00
        0.72     0.994141      5743743       170.67
        0.72     0.994531      5743743       182.86
        0.72     0.994922      5743743       196.92
        0.72     0.995313      5743743       213.33
        0.73     0.995703      5753327       232.73
        0.73     0.996094      5753327       256.00
        0.73     0.996289      5753327       269.47
        0.73     0.996484      5753327       284.44
        0.73     0.996680      5753327       301.18
        0.73     0.996875      5753327       320.00
        0.73     0.997070      5753327       341.33
        0.73     0.997266      5753327       365.71
        0.73     0.997461      5758216       393.85
        0.73     0.997656      5758216       426.67
        0.73     0.997852      5758216       465.45
        0.73     0.998047      5758216       512.00
        0.74     0.998145      5760456       538.95
        0.74     0.998242      5760456       568.89
        0.74     0.998340      5760456       602.35
        0.74     0.998437      5760456       640.00
        0.75     0.998535      5761438       682.67
        0.75     0.998633      5761438       731.43
        0.76     0.998730      5761887       787.69
        0.78     0.998828      5762305       853.33
        0.81     0.998926      5762902       930.91
        0.86     0.999023      5763375      1024.00
        0.90     0.999072      5763690      1077.89
        0.94     0.999121      5763939      1137.78
        1.16     0.999170      5764221      1204.71
        1.45     0.999219      5764498      1280.00
        1.70     0.999268      5764785      1365.33
        1.99     0.999316      5765061      1462.86
        2.29     0.999365      5765356      1575.38
        2.54     0.999414      5765632      1706.67
        2.81     0.999463      5765910      1861.82
        3.10     0.999512      5766195      2048.00
        3.23     0.999536      5766337      2155.79
        3.36     0.999561      5766471      2275.56
        3.50     0.999585      5766616      2409.41
        3.65     0.999609      5766757      2560.00
        3.81     0.999634      5766890      2730.67
        3.97     0.999658      5767041      2925.71
        4.09     0.999683      5767173      3150.77
        4.29     0.999707      5767335      3413.33
        4.42     0.999731      5767489      3723.64
        4.54     0.999756      5767620      4096.00
        4.61     0.999768      5767664      4311.58
        4.70     0.999780      5767765      4551.11
        4.74     0.999792      5767817      4818.82
        4.83     0.999805      5767907      5120.00
        4.89     0.999817      5767955      5461.33
        4.96     0.999829      5768049      5851.43
        5.02     0.999841      5768095      6301.54
        5.09     0.999854      5768184      6826.67
        5.15     0.999866      5768244      7447.27
        5.18     0.999878      5768308      8192.00
        5.25     0.999884      5768354      8623.16
        5.28     0.999890      5768409      9102.22
        5.28     0.999896      5768409      9637.65
        5.31     0.999902      5768445     10240.00
        5.38     0.999908      5768510     10922.67
        5.38     0.999915      5768510     11702.86
        5.41     0.999921      5768567     12603.08
        5.44     0.999927      5768582     13653.33
        5.50     0.999933      5768675     14894.55
        5.50     0.999939      5768675     16384.00
        5.50     0.999942      5768675     17246.32
        5.54     0.999945      5768708     18204.44
        5.54     0.999948      5768708     19275.29
        5.57     0.999951      5768723     20480.00
        5.60     0.999954      5768796     21845.33
        5.60     0.999957      5768796     23405.71
        5.60     0.999960      5768796     25206.15
        5.60     0.999963      5768796     27306.67
        5.63     0.999966      5768838     29789.09
        5.63     0.999969      5768838     32768.00
        5.63     0.999971      5768838     34492.63
        5.66     0.999973      5768847     36408.89
        5.70     0.999974      5768875     38550.59
        5.70     0.999976      5768875     40960.00
        5.70     0.999977      5768875     43690.67
        5.73     0.999979      5768916     46811.43
        5.73     0.999980      5768916     50412.31
        5.73     0.999982      5768916     54613.33
        5.73     0.999983      5768916     59578.18
        5.73     0.999985      5768916     65536.00
        5.76     0.999986      5768931     68985.26
        5.76     0.999986      5768931     72817.78
        5.76     0.999987      5768931     77101.18
        5.79     0.999988      5768937     81920.00
        5.79     0.999989      5768937     87381.33
        5.82     0.999989      5768955     93622.86
        5.82     0.999990      5768955    100824.62
        5.82     0.999991      5768955    109226.67
        5.82     0.999992      5768955    119156.36
        5.86     0.999992      5768971    131072.00
        5.86     0.999993      5768971    137970.53
        5.86     0.999993      5768971    145635.56
        5.86     0.999994      5768971    154202.35
        5.86     0.999994      5768971    163840.00
        5.86     0.999994      5768971    174762.67
        5.89     0.999995      5768973    187245.71
        5.92     0.999995      5768982    201649.23
        5.92     0.999995      5768982    218453.33
        5.92     0.999996      5768982    238312.73
        5.92     0.999996      5768982    262144.00
        5.92     0.999996      5768982    275941.05
        5.95     0.999997      5768987    291271.11
        5.95     0.999997      5768987    308404.71
        5.95     0.999997      5768987    327680.00
        5.95     0.999997      5768987    349525.33
        5.95     0.999997      5768987    374491.43
        5.98     0.999998      5768989    403298.46
        5.98     0.999998      5768989    436906.67
        6.01     0.999998      5768990    476625.45
        6.05     0.999998      5768995    524288.00
        6.05     0.999998      5768995    551882.11
        6.05     0.999998      5768995    582542.22
        6.05     0.999998      5768995    616809.41
        6.05     0.999998      5768995    655360.00
        6.05     0.999999      5768995    699050.67
        6.05     0.999999      5768995    748982.86
        6.05     0.999999      5768995    806596.92
        6.08     0.999999      5768998    873813.33
        6.08     0.999999      5768998    953250.91
        6.08     0.999999      5768998   1048576.00
        6.08     0.999999      5768998   1103764.21
        6.08     0.999999      5768998   1165084.44
        6.08     0.999999      5768998   1233618.82
        6.08     0.999999      5768998   1310720.00
        6.08     0.999999      5768998   1398101.33
        6.11     0.999999      5768999   1497965.71
        6.11     0.999999      5768999   1613193.85
        6.11     0.999999      5768999   1747626.67
        6.11     0.999999      5768999   1906501.82
        6.14     1.000000      5769001   2097152.00
        6.14     1.000000      5769001   2207528.42
        6.14     1.000000      5769001   2330168.89
        6.14     1.000000      5769001   2467237.65
        6.14     1.000000      5769001   2621440.00
        6.14     1.000000      5769001   2796202.67
        6.14     1.000000      5769001   2995931.43
        6.14     1.000000      5769001   3226387.69
        6.14     1.000000      5769001   3495253.33
        6.14     1.000000      5769001   3813003.64
        6.14     1.000000      5769001   4194304.00
        6.14     1.000000      5769001   4415056.84
        6.14     1.000000      5769001   4660337.78
        6.14     1.000000      5769001   4934475.29
        6.14     1.000000      5769001   5242880.00
        6.14     1.000000      5769001   5592405.33
        6.21     1.000000      5769002   5991862.86
        6.21     1.000000      5769002          inf
#[Mean    =        0.471, StdDeviation   =        0.110]
#[Max     =        6.207, Total count    =      5769002]
#[Buckets =           10, SubBuckets     =          256]
