       Value   Percentile   TotalCount 1/(1-Percentile)

        0.09     0.000000            1         1.00
        0.44     0.050000      4862539         1.05
        0.45     0.100000     13698624         1.11
        0.45     0.150000     13698624         1.18
        0.45     0.200000     13698624         1.25
        0.46     0.250000     26652305         1.33
        0.46     0.300000     26652305         1.43
        0.46     0.350000     26652305         1.54
        0.46     0.400000     26652305         1.67
        0.46     0.450000     39507939         1.82
        0.46     0.500000     39507939         2.00
        0.46     0.525000     39507939         2.11
        0.46     0.550000     39507939         2.22
        0.46     0.575000     39507939         2.35
        0.46     0.600000     39507939         2.50
        0.47     0.625000     49235442         2.67
        0.47     0.650000     49235442         2.86
        0.47     0.675000     49235442         3.08
        0.47     0.700000     49235442         3.33
        0.47     0.725000     49235442         3.64
        0.47     0.750000     49235442         4.00
        0.47     0.762500     49235442         4.21
        0.47     0.775000     49235442         4.44
        0.48     0.787500     55252895         4.71
        0.48     0.800000     55252895         5.00
        0.48     0.812500     55252895         5.33
        0.48     0.825000     55252895         5.71
        0.48     0.837500     55252895         6.15
        0.48     0.850000     55252895         6.67
        0.48     0.862500     55252895         7.27
        0.49     0.875000     58353013         8.00
        0.49     0.881250     58353013         8.42
        0.49     0.887500     58353013         8.89
        0.49     0.893750     58353013         9.41
        0.49     0.900000     58353013        10.00
        0.49     0.906250     58353013        10.67
        0.49     0.912500     58353013        11.43
        0.49     0.918750     58353013        12.31
        0.49     0.925000     59671711        13.33
        0.49     0.931250     59671711        14.55
        0.49     0.937500     59671711        16.00
        0.50     0.940625     60148502        16.84
        0.50     0.943750     60148502        17.78
        0.50     0.946875     60148502        18.82
        0.51     0.950000     60310673        20.00
        0.55     0.953125     60503339        21.33
        0.61     0.956250     60681636        22.86
        0.66     0.959375     60958628        24.62
        0.67     0.962500     61222089        26.67
        0.68     0.965625     61594480        29.09
        0.68     0.968750     61594480        32.00
        0.68     0.970313     61594480        33.68
        0.69     0.971875     62028016        35.56
        0.69     0.973437     62028016        37.65
        0.69     0.975000     62028016        40.00
        0.69     0.976562     62028016        42.67
        0.69     0.978125     62448923        45.71
        0.69     0.979688     62448923        49.23
        0.69     0.981250     62448923        53.33
        0.69     0.982812     62448923        58.18
        0.70     0.984375     62802195        64.00
        0.70     0.985156     62802195        67.37
        0.70     0.985938     62802195        71.11
        0.70     0.986719     62802195        75.29
        0.70     0.987500     62802195        80.00
        0.70     0.988281     62802195        85.33
        0.70     0.989062     62802195        91.43
        0.71     0.989844     63056335        98.46
        0.71     0.990625     63056335       106.67
        0.71     0.991406     63056335       116.36
        0.71     0.992188     63056335       128.00
        0.71     0.992578     63056335       134.74
        0.71     0.992969     63056335       142.22
        0.71     0.993359     63056335       150.59
        0.72     0.993750     63215764       160.00
        0.72     0.994141     63215764       170.67
        0.72     0.994531     63215764       182.86
        0.72     0.994922     63215764       196.92
        0.72     0.995313     63215764       213.33
        0.72     0.995703     63215764       232.73
        0.72     0.996094     63215764       256.00
        0.73     0.996289     63304619       269.47
        0.73     0.996484     63304619       284.44
        0.73     0.996680     63304619       301.18
        0.73     0.996875     63304619       320.00
        0.73     0.997070     63304619       341.33
        0.73     0.997266     63304619       365.71
        0.73     0.997461     63304619       393.85
        0.73     0.997656     63348792       426.67
        0.73     0.997852     63348792       465.45
        0.73     0.998047     63348792       512.00
        0.73     0.998145     63348792       538.95
        0.73     0.998242     63348792       568.89
        0.74     0.998340     63368869       602.35
        0.74     0.998437     63368869       640.00
        0.74     0.998535     63368869       682.67
        0.75     0.998633     63377540       731.43
        0.75     0.998730     63377540       787.69
        0.76     0.998828     63381612       853.33
        0.79     0.998926     63388117       930.91
        0.85     0.999023     63393888      1024.00
        0.89     0.999072     63397577      1077.89
        0.92     0.999121     63399983      1137.78
        1.07     0.999170     63403090      1204.71
        1.34     0.999219     63406256      1280.00
        1.62     0.999268     63409327      1365.33
        1.90     0.999316     63412412      1462.86
        2.19     0.999365     63415511      1575.38
        2.48     0.999414     63418698      1706.67
        2.77     0.999463     63421816      1861.82
        3.06     0.999512     63424903      2048.00
        3.20     0.999536     63426495      2155.79
        3.33     0.999561     63427926      2275.56
        3.47     0.999585     63429451      2409.41
        3.62     0.999609     63430985      2560.00
        3.76     0.999634     63432637      2730.67
        3.90     0.999658     63434139      2925.71
        4.05     0.999683     63435669      3150.77
        4.19     0.999707     63437375      3413.33
        4.32     0.999731     63438784      3723.64
        4.48     0.999756     63440379      4096.00
        4.54     0.999768     63441227      4311.58
        4.61     0.999780     63441854      4551.11
        4.70     0.999792     63442858      4818.82
        4.74     0.999805     63443394      5120.00
        4.83     0.999817     63444380      5461.33
        4.89     0.999829     63445004      5851.43
        4.96     0.999841     63445932      6301.54
        5.05     0.999854     63446929      6826.67
        5.09     0.999866     63447350      7447.27
        5.18     0.999878     63448527      8192.00
        5.18     0.999884     63448527      8623.16
        5.25     0.999890     63449007      9102.22
        5.28     0.999896     63449622      9637.65
        5.28     0.999902     63449622     10240.00
        5.31     0.999908     63449991     10922.67
        5.38     0.999915     63450705     11702.86
        5.41     0.999921     63451275     12603.08
        5.41     0.999927     63451275     13653.33
        5.47     0.999933     63451814     14894.55
        5.50     0.999939     63452524     16384.00
        5.50     0.999942     63452524     17246.32
        5.50     0.999945     63452524     18204.44
        5.50     0.999948     63452524     19275.29
        5.54     0.999951     63452873     20480.00
        5.54     0.999954     63452873     21845.33
        5.57     0.999957     63453076     23405.71
        5.60     0.999960     63453693     25206.15
        5.60     0.999963     63453693     27306.67
        5.60     0.999966     63453693     29789.09
        5.63     0.999969     63454204     32768.00
        5.63     0.999971     63454204     34492.63
        5.63     0.999973     63454204     36408.89
        5.63     0.999974     63454204     38550.59
        5.63     0.999976     63454204     40960.00
        5.66     0.999977     63454320     43690.67
        5.70     0.999979     63454606     46811.43
        5.70     0.999980     63454606     50412.31
        5.70     0.999982     63454606     54613.33
        5.73     0.999983     63455016     59578.18
        5.73     0.999985     63455016     65536.00
        5.73     0.999986     63455016     68985.26
        5.73     0.999986     63455016     72817.78
        5.73     0.999987     63455016     77101.18
        5.73     0.999988     63455016     81920.00
        5.76     0.999989     63455139     87381.33
        5.76     0.999989     63455139     93622.86
        5.76     0.999990     63455139    100824.62
        5.79     0.999991     63455236    109226.67
        5.79     0.999992     63455236    119156.36
        5.82     0.999992     63455415    131072.00
        5.82     0.999993     63455415    137970.53
        5.82     0.999993     63455415    145635.56
        5.82     0.999994     63455415    154202.35
        5.82     0.999994     63455415    163840.00
        5.82     0.999994     63455415    174762.67
        5.82     0.999995     63455415    187245.71
        5.86     0.999995     63455508    201649.23
        5.86     0.999995     63455508    218453.33
        5.86     0.999996     63455508    238312.73
        5.89     0.999996     63455543    262144.00
        5.89     0.999996     63455543    275941.05
        5.89     0.999997     63455543    291271.11
        5.92     0.999997     63455610    308404.71
        5.92     0.999997     63455610    327680.00
        5.92     0.999997     63455610    349525.33
        5.92     0.999997     63455610    374491.43
        5.92     0.999998     63455610    403298.46
        5.92     0.999998     63455610    436906.67
        5.95     0.999998     63455643    476625.45
        5.95     0.999998     63455643    524288.00
        5.95     0.999998     63455643    551882.11
        5.95     0.999998     63455643    582542.22
        5.98     0.999998     63455662    616809.41
        5.98     0.999998     63455662    655360.00
        5.98     0.999999     63455662    699050.67
        6.01     0.999999     63455681    748982.86
        6.01     0.999999     63455681    806596.92
        6.01     0.999999     63455681    873813.33
        6.05     0.999999     63455715    953250.91
        6.05     0.999999     63455715   1048576.00
        6.05     0.999999     63455715   1103764.21
        6.05     0.999999     63455715   1165084.44
        6.05     0.999999     63455715   1233618.82
        6.05     0.999999     63455715   1310720.00
        6.05     0.999999     63455715   1398101.33
        6.05     0.999999     63455715   1497965.71
        6.05     0.999999     63455715   1613193.85
        6.05     0.999999     63455715   1747626.67
        6.08     0.999999     63455734   1906501.82
        6.08     1.000000     63455734   2097152.00
        6.08     1.000000     63455734   2207528.42
        6.08     1.000000     63455734   2330168.89
        6.08     1.000000     63455734   2467237.65
        6.08     1.000000     63455734   2621440.00
        6.08     1.000000     63455734   2796202.67
        6.08     1.000000     63455734   2995931.43
        6.08     1.000000     63455734   3226387.69
        6.08     1.000000     63455734   3495253.33
        6.11     1.000000     63455738   3813003.64
        6.11     1.000000     63455738   4194304.00
        6.11     1.000000     63455738   4415056.84
        6.11     1.000000     63455738   4660337.78
        6.14     1.000000     63455745   4934475.29
        6.14     1.000000     63455745   5242880.00
        6.14     1.000000     63455745   5592405.33
        6.14     1.000000     63455745   5991862.86
        6.14     1.000000     63455745   6452775.39
        6.14     1.000000     63455745   6990506.67
        6.14     1.000000     63455745   7626007.28
        6.14     1.000000     63455745   8388608.00
        6.14     1.000000     63455745   8830113.68
        6.14     1.000000     63455745   9320675.55
        6.14     1.000000     63455745   9868950.59
        6.14     1.000000     63455745  10485760.00
        6.17     1.000000     63455748  11184810.67
        6.17     1.000000     63455748  11983725.71
        6.17     1.000000     63455748  12905550.76
        6.17     1.000000     63455748  13981013.34
        6.17     1.000000     63455748  15252014.55
        6.17     1.000000     63455748  16777216.00
        6.17     1.000000     63455748  17660227.38
        6.17     1.000000     63455748  18641351.10
        6.17     1.000000     63455748  19737901.19
        6.17     1.000000     63455748  20971519.98
        6.21     1.000000     63455750  22369621.33
        6.21     1.000000     63455750  23967451.45
        6.21     1.000000     63455750  25811101.52
        6.21     1.000000     63455750  27962026.68
        6.21     1.000000     63455750  30504029.05
        6.21     1.000000     63455750  33554432.00
        6.21     1.000000     63455750  35320454.76
        6.21     1.000000     63455750  37282702.28
        6.21     1.000000     63455750  39475802.28
        6.21     1.000000     63455750  41943039.96
        6.21     1.000000     63455750  44739242.67
        6.21     1.000000     63455750  47934902.91
        6.21     1.000000     63455750  51622203.20
        6.21     1.000000     63455750  55924053.19
        6.21     1.000000     63455750  61008058.10
        6.24     1.000000     63455751  67108864.00
        6.24     1.000000     63455751          inf
#[Mean    =        0.472, StdDeviation   =        0.107]
#[Max     =        6.239, Total count    =     63455751]
#[Buckets =           10, SubBuckets     =          256]
