       Value   Percentile   TotalCount 1/(1-Percentile)

        0.08     0.000000            1         1.00
        0.56     0.050000      4597839         1.05
        0.57     0.100000      7969730         1.11
        0.57     0.150000      7969730         1.18
        0.57     0.200000     12573206         1.25
        0.57     0.250000     12573206         1.33
        0.58     0.300000     18148014         1.43
        0.58     0.350000     18148014         1.54
        0.59     0.400000     24139892         1.67
        0.59     0.450000     24139892         1.82
        0.60     0.500000     29871365         2.00
        0.60     0.525000     29871365         2.11
        0.60     0.550000     29871365         2.22
        0.60     0.575000     29871365         2.35
        0.60     0.600000     29871365         2.50
        0.61     0.625000     34816271         2.67
        0.61     0.650000     34816271         2.86
        0.61     0.675000     34816271         3.08
        0.61     0.700000     34816271         3.33
        0.61     0.725000     38713078         3.64
        0.61     0.750000     38713078         4.00
        0.61     0.762500     38713078         4.21
        0.61     0.775000     38713078         4.44
        0.61     0.787500     38713078         4.71
        0.62     0.800000     41559539         5.00
        0.62     0.812500     41559539         5.33
        0.62     0.825000     41559539         5.71
        0.62     0.837500     41559539         6.15
        0.62     0.850000     41559539         6.67
        0.63     0.862500     43512057         7.27
        0.63     0.875000     43512057         8.00
        0.63     0.881250     43512057         8.42
        0.63     0.887500     43512057         8.89
        0.63     0.893750     43512057         9.41
        0.64     0.900000     44776420        10.00
        0.64     0.906250     44776420        10.67
        0.64     0.912500     44776420        11.43
        0.64     0.918750     44776420        12.31
        0.65     0.925000     45558994        13.33
        0.65     0.931250     45558994        14.55
        0.66     0.937500     46030073        16.00
        0.66     0.940625     46030073        16.84
        0.66     0.943750     46030073        17.78
        0.66     0.946875     46308680        18.82
        0.66     0.950000     46308680        20.00
        0.67     0.953125     46474044        21.33
        0.68     0.956250     46575628        22.86
        0.69     0.959375     46685966        24.62
        0.74     0.962500     46804044        26.67
        1.12     0.965625     46983738        29.09
        1.14     0.968750     47174757        32.00
        1.15     0.970313     47276836        33.68
        1.15     0.971875     47276836        35.56
        1.16     0.973437     47397992        37.65
        1.17     0.975000     47534928        40.00
        1.17     0.976562     47534928        42.67
        1.18     0.978125     47682374        45.71
        1.18     0.979688     47682374        49.23
        1.18     0.981250     47832050        53.33
        1.18     0.982812     47832050        58.18
        1.19     0.984375     47976132        64.00
        1.19     0.985156     47976132        67.37
        1.19     0.985938     47976132        71.11
        1.20     0.986719     48106765        75.29
        1.20     0.987500     48106765        80.00
        1.20     0.988281     48106765        85.33
        1.20     0.989062     48106765        91.43
        1.21     0.989844     48219340        98.46
        1.21     0.990625     48219340       106.67
        1.21     0.991406     48219340       116.36
        1.22     0.992188     48311725       128.00
        1.22     0.992578     48311725       134.74
        1.22     0.992969     48311725       142.22
        1.22     0.993359     48311725       150.59
        1.22     0.993750     48383733       160.00
        1.22     0.994141     48383733       170.67
        1.22     0.994531     48383733       182.86
        1.22     0.994922     48383733       196.92
        1.23     0.995313     48437605       213.33
        1.23     0.995703     48437605       232.73
        1.23     0.996094     48437605       256.00
        1.24     0.996289     48476690       269.47
        1.24     0.996484     48476690       284.44
        1.24     0.996680     48476690       301.18
        1.24     0.996875     48476690       320.00
        1.25     0.997070     48504081       341.33
        1.25     0.997266     48504081       365.71
        1.25     0.997461     48504081       393.85
        1.25     0.997656     48522951       426.67
        1.25     0.997852     48522951       465.45
        1.26     0.998047     48535903       512.00
        1.27     0.998145     48544834       538.95
        1.27     0.998242     48544834       568.89
        1.28     0.998340     48550838       602.35
        1.28     0.998437     48550838       640.00
        1.29     0.998535     48555075       682.67
        1.30     0.998633     48560596       731.43
        1.33     0.998730     48565441       787.69
        1.36     0.998828     48569385       853.33
        1.44     0.998926     48574244       930.91
        1.65     0.999023     48578743      1024.00
        1.85     0.999072     48581116      1077.89
        2.06     0.999121     48583555      1137.78
        2.27     0.999170     48585884      1204.71
        2.48     0.999219     48588212      1280.00
        2.70     0.999268     48590713      1365.33
        2.91     0.999316     48592996      1462.86
        3.12     0.999365     48595352      1575.38
        3.33     0.999414     48597757      1706.67
        3.54     0.999463     48600169      1861.82
        3.74     0.999512     48602531      2048.00
        3.85     0.999536     48603771      2155.79
        3.97     0.999561     48605008      2275.56
        4.06     0.999585     48606073      2409.41
        4.19     0.999609     48607555      2560.00
        4.29     0.999634     48608637      2730.67
        4.38     0.999658     48609724      2925.71
        4.48     0.999683     48610787      3150.77
        4.61     0.999707     48612331      3413.33
        4.70     0.999731     48613461      3723.64
        4.80     0.999756     48614669      4096.00
        4.83     0.999768     48615039      4311.58
        4.89     0.999780     48615864      4551.11
        4.93     0.999792     48616226      4818.82
        4.99     0.999805     48617127      5120.00
        5.02     0.999817     48617493      5461.33
        5.09     0.999829     48618294      5851.43
        5.12     0.999841     48618674      6301.54
        5.18     0.999854     48619450      6826.67
        5.21     0.999866     48619890      7447.27
        5.28     0.999878     48620572      8192.00
        5.28     0.999884     48620572      8623.16
        5.31     0.999890     48621036      9102.22
        5.34     0.999896     48621423      9637.65
        5.38     0.999902     48621739     10240.00
        5.41     0.999908     48622170     10922.67
        5.41     0.999915     48622170     11702.86
        5.44     0.999921     48622652     12603.08
        5.44     0.999927     48622652     13653.33
        5.47     0.999933     48623026     14894.55
        5.50     0.999939     48623379     16384.00
        5.54     0.999942     48623868     17246.32
        5.54     0.999945     48623868     18204.44
        5.54     0.999948     48623868     19275.29
        5.54     0.999951     48623868     20480.00
        5.57     0.999954     48624265     21845.33
        5.57     0.999957     48624265     23405.71
        5.60     0.999960     48624558     25206.15
        5.60     0.999963     48624558     27306.67
        5.63     0.999966     48624795     29789.09
        5.63     0.999969     48624795     32768.00
        5.63     0.999971     48624795     34492.63
        5.66     0.999973     48625104     36408.89
        5.66     0.999974     48625104     38550.59
        5.66     0.999976     48625104     40960.00
        5.66     0.999977     48625104     43690.67
        5.70     0.999979     48625291     46811.43
        5.70     0.999980     48625291     50412.31
        5.73     0.999982     48625414     54613.33
        5.73     0.999983     48625414     59578.18
        5.76     0.999985     48625532     65536.00
        5.76     0.999986     48625532     68985.26
        5.79     0.999986     48625621     72817.78
        5.79     0.999987     48625621     77101.18
        5.79     0.999988     48625621     81920.00
        5.82     0.999989     48625687     87381.33
        5.82     0.999989     48625687     93622.86
        5.86     0.999990     48625768    100824.62
        5.86     0.999991     48625768    109226.67
        5.89     0.999992     48625826    119156.36
        5.92     0.999992     48625881    131072.00
        5.92     0.999993     48625881    137970.53
        5.92     0.999993     48625881    145635.56
        5.95     0.999994     48625932    154202.35
        5.95     0.999994     48625932    163840.00
        5.95     0.999994     48625932    174762.67
        5.98     0.999995     48625973    187245.71
        5.98     0.999995     48625973    201649.23
        6.01     0.999995     48626007    218453.33
        6.01     0.999996     48626007    238312.73
        6.05     0.999996     48626042    262144.00
        6.05     0.999996     48626042    275941.05
        6.05     0.999997     48626042    291271.11
        6.08     0.999997     48626065    308404.71
        6.08     0.999997     48626065    327680.00
        6.08     0.999997     48626065    349525.33
        6.11     0.999997     48626083    374491.43
        6.11     0.999998     48626083    403298.46
        6.14     0.999998     48626108    436906.67
        6.14     0.999998     48626108    476625.45
        6.14     0.999998     48626108    524288.00
        6.17     0.999998     48626129    551882.11
        6.17     0.999998     48626129    582542.22
        6.17     0.999998     48626129    616809.41
        6.17     0.999998     48626129    655360.00
        6.21     0.999999     48626150    699050.67
        6.21     0.999999     48626150    748982.86
        6.21     0.999999     48626150    806596.92
        6.21     0.999999     48626150    873813.33
        6.21     0.999999     48626150    953250.91
        6.24     0.999999     48626166   1048576.00
        6.24     0.999999     48626166   1103764.21
        6.24     0.999999     48626166   1165084.44
        6.24     0.999999     48626166   1233618.82
        6.24     0.999999     48626166   1310720.00
        6.24     0.999999     48626166   1398101.33
        6.27     0.999999     48626175   1497965.71
        6.27     0.999999     48626175   1613193.85
        6.27     0.999999     48626175   1747626.67
        6.27     0.999999     48626175   1906501.82
        6.30     1.000000     48626181   2097152.00
        6.30     1.000000     48626181   2207528.42
        6.30     1.000000     48626181   2330168.89
        6.30     1.000000     48626181   2467237.65
        6.33     1.000000     48626192   2621440.00
        6.33     1.000000     48626192   2796202.67
        6.33     1.000000     48626192   2995931.43
        6.33     1.000000     48626192   3226387.69
        6.33     1.000000     48626192   3495253.33
        6.33     1.000000     48626192   3813003.64
        6.33     1.000000     48626192   4194304.00
        6.33     1.000000     48626192   4415056.84
        6.33     1.000000     48626192   4660337.78
        6.33     1.000000     48626192   4934475.29
        6.33     1.000000     48626192   5242880.00
        6.33     1.000000     48626192   5592405.33
        6.33     1.000000     48626192   5991862.86
        6.37     1.000000     48626193   6452775.39
        6.40     1.000000     48626195   6990506.67
        6.40     1.000000     48626195   7626007.28
        6.40     1.000000     48626195   8388608.00
        6.40     1.000000     48626195   8830113.68
        6.40     1.000000     48626195   9320675.55
        6.43     1.000000     48626196   9868950.59
        6.43     1.000000     48626196  10485760.00
        6.43     1.000000     48626196  11184810.67
        6.43     1.000000     48626196  11983725.71
        6.46     1.000000     48626197  12905550.76
        6.46     1.000000     48626197  13981013.34
        6.46     1.000000     48626197  15252014.55
        6.50     1.000000     48626199  16777216.00
        6.50     1.000000     48626199  17660227.38
        6.50     1.000000     48626199  18641351.10
        6.50     1.000000     48626199  19737901.19
        6.50     1.000000     48626199  20971519.98
        6.50     1.000000     48626199  22369621.33
        6.50     1.000000     48626199  23967451.45
        6.50     1.000000     48626199  25811101.52
        6.50     1.000000     48626199  27962026.68
        6.50     1.000000     48626199  30504029.05
        6.50     1.000000     48626199  33554432.00
        6.50     1.000000     48626199  35320454.76
        6.50     1.000000     48626199  37282702.28
        6.50     1.000000     48626199  39475802.28
        6.50     1.000000     48626199  41943039.96
        6.50     1.000000     48626199  44739242.67
        6.50     1.000000     48626199  47934902.91
        6.53     1.000000     48626200  51622203.20
        6.53     1.000000     48626200          inf
#[Mean    =        0.616, StdDeviation   =        0.153]
#[Max     =        6.527, Total count    =     48626200]
#[Buckets =           10, SubBuckets     =          256]
