       Value   Percentile   TotalCount 1/(1-Percentile)

        0.08     0.000000            1         1.00
        0.55     0.050000      2326582         1.05
        0.56     0.100000      4427423         1.11
        0.57     0.150000      7626415         1.18
        0.57     0.200000     11948317         1.25
        0.57     0.250000     11948317         1.33
        0.58     0.300000     17124053         1.43
        0.58     0.350000     17124053         1.54
        0.59     0.400000     22620766         1.67
        0.59     0.450000     22620766         1.82
        0.59     0.500000     22620766         2.00
        0.60     0.525000     27814061         2.11
        0.60     0.550000     27814061         2.22
        0.60     0.575000     27814061         2.35
        0.60     0.600000     27814061         2.50
        0.60     0.625000     27814061         2.67
        0.61     0.650000     32237691         2.86
        0.61     0.675000     32237691         3.08
        0.61     0.700000     32237691         3.33
        0.61     0.725000     32237691         3.64
        0.61     0.750000     35678465         4.00
        0.61     0.762500     35678465         4.21
        0.61     0.775000     35678465         4.44
        0.61     0.787500     35678465         4.71
        0.61     0.800000     35678465         5.00
        0.62     0.812500     38159377         5.33
        0.62     0.825000     38159377         5.71
        0.62     0.837500     38159377         6.15
        0.62     0.850000     38159377         6.67
        0.62     0.862500     38159377         7.27
        0.63     0.875000     39837823         8.00
        0.63     0.881250     39837823         8.42
        0.63     0.887500     39837823         8.89
        0.63     0.893750     39837823         9.41
        0.63     0.900000     39837823        10.00
        0.64     0.906250     40910378        10.67
        0.64     0.912500     40910378        11.43
        0.64     0.918750     40910378        12.31
        0.64     0.925000     40910378        13.33
        0.65     0.931250     41564891        14.55
        0.65     0.937500     41564891        16.00
        0.66     0.940625     41953349        16.84
        0.66     0.943750     41953349        17.78
        0.66     0.946875     41953349        18.82
        0.66     0.950000     42179374        20.00
        0.66     0.953125     42179374        21.33
        0.67     0.956250     42311576        22.86
        0.69     0.959375     42442474        24.62
        0.73     0.962500     42556950        26.67
        1.12     0.965625     42716080        29.09
        1.14     0.968750     42894118        32.00
        1.14     0.970313     42894118        33.68
        1.15     0.971875     42988705        35.56
        1.16     0.973437     43100604        37.65
        1.16     0.975000     43100604        40.00
        1.17     0.976562     43226262        42.67
        1.18     0.978125     43361088        45.71
        1.18     0.979688     43361088        49.23
        1.18     0.981250     43497331        53.33
        1.18     0.982812     43497331        58.18
        1.19     0.984375     43627642        64.00
        1.19     0.985156     43627642        67.37
        1.19     0.985938     43627642        71.11
        1.19     0.986719     43627642        75.29
        1.20     0.987500     43745107        80.00
        1.20     0.988281     43745107        85.33
        1.20     0.989062     43745107        91.43
        1.21     0.989844     43845837        98.46
        1.21     0.990625     43845837       106.67
        1.21     0.991406     43845837       116.36
        1.22     0.992188     43927825       128.00
        1.22     0.992578     43927825       134.74
        1.22     0.992969     43927825       142.22
        1.22     0.993359     43927825       150.59
        1.22     0.993750     43991396       160.00
        1.22     0.994141     43991396       170.67
        1.22     0.994531     43991396       182.86
        1.22     0.994922     43991396       196.92
        1.23     0.995313     44038887       213.33
        1.23     0.995703     44038887       232.73
        1.23     0.996094     44038887       256.00
        1.24     0.996289     44073066       269.47
        1.24     0.996484     44073066       284.44
        1.24     0.996680     44073066       301.18
        1.24     0.996875     44073066       320.00
        1.25     0.997070     44096903       341.33
        1.25     0.997266     44096903       365.71
        1.25     0.997461     44096903       393.85
        1.25     0.997656     44113301       426.67
        1.25     0.997852     44113301       465.45
        1.26     0.998047     44124573       512.00
        1.26     0.998145     44124573       538.95
        1.27     0.998242     44132285       568.89
        1.27     0.998340     44132285       602.35
        1.28     0.998437     44137537       640.00
        1.29     0.998535     44141209       682.67
        1.30     0.998633     44146027       731.43
        1.33     0.998730     44150335       787.69
        1.36     0.998828     44153863       853.33
        1.43     0.998926     44157932       930.91
        1.64     0.999023     44162209      1024.00
        1.84     0.999072     44164385      1077.89
        2.06     0.999121     44166687      1137.78
        2.27     0.999170     44168803      1204.71
        2.48     0.999219     44170917      1280.00
        2.69     0.999268     44172991      1365.33
        2.91     0.999316     44175259      1462.86
        3.12     0.999365     44177392      1575.38
        3.33     0.999414     44179570      1706.67
        3.52     0.999463     44181631      1861.82
        3.74     0.999512     44183920      2048.00
        3.84     0.999536     44184860      2155.79
        3.95     0.999561     44185972      2275.56
        4.06     0.999585     44187126      2409.41
        4.19     0.999609     44188481      2560.00
        4.29     0.999634     44189457      2730.67
        4.38     0.999658     44190446      2925.71
        4.48     0.999683     44191404      3150.77
        4.58     0.999707     44192444      3413.33
        4.67     0.999731     44193546      3723.64
        4.77     0.999756     44194619      4096.00
        4.83     0.999768     44195288      4311.58
        4.86     0.999780     44195693      4551.11
        4.93     0.999792     44196346      4818.82
        4.96     0.999805     44196738      5120.00
        5.02     0.999817     44197480      5461.33
        5.09     0.999829     44198206      5851.43
        5.12     0.999841     44198551      6301.54
        5.18     0.999854     44199258      6826.67
        5.21     0.999866     44199653      7447.27
        5.25     0.999878     44199987      8192.00
        5.28     0.999884     44200272      8623.16
        5.31     0.999890     44200689      9102.22
        5.34     0.999896     44201042      9637.65
        5.38     0.999902     44201336     10240.00
        5.38     0.999908     44201336     10922.67
        5.41     0.999915     44201727     11702.86
        5.44     0.999921     44202169     12603.08
        5.44     0.999927     44202169     13653.33
        5.47     0.999933     44202505     14894.55
        5.50     0.999939     44202824     16384.00
        5.50     0.999942     44202824     17246.32
        5.54     0.999945     44203279     18204.44
        5.54     0.999948     44203279     19275.29
        5.54     0.999951     44203279     20480.00
        5.57     0.999954     44203636     21845.33
        5.57     0.999957     44203636     23405.71
        5.57     0.999960     44203636     25206.15
        5.60     0.999963     44203901     27306.67
        5.60     0.999966     44203901     29789.09
        5.63     0.999969     44204117     32768.00
        5.63     0.999971     44204117     34492.63
        5.66     0.999973     44204399     36408.89
        5.66     0.999974     44204399     38550.59
        5.66     0.999976     44204399     40960.00
        5.66     0.999977     44204399     43690.67
        5.70     0.999979     44204566     46811.43
        5.70     0.999980     44204566     50412.31
        5.70     0.999982     44204566     54613.33
        5.73     0.999983     44204672     59578.18
        5.76     0.999985     44204769     65536.00
        5.76     0.999986     44204769     68985.26
        5.76     0.999986     44204769     72817.78
        5.79     0.999987     44204852     77101.18
        5.79     0.999988     44204852     81920.00
        5.82     0.999989     44204908     87381.33
        5.82     0.999989     44204908     93622.86
        5.86     0.999990     44204979    100824.62
        5.86     0.999991     44204979    109226.67
        5.89     0.999992     44205030    119156.36
        5.89     0.999992     44205030    131072.00
        5.92     0.999993     44205082    137970.53
        5.92     0.999993     44205082    145635.56
        5.92     0.999994     44205082    154202.35
        5.95     0.999994     44205128    163840.00
        5.95     0.999994     44205128    174762.67
        5.95     0.999995     44205128    187245.71
        5.98     0.999995     44205168    201649.23
        5.98     0.999995     44205168    218453.33
        6.01     0.999996     44205198    238312.73
        6.01     0.999996     44205198    262144.00
        6.05     0.999996     44205227    275941.05
        6.05     0.999997     44205227    291271.11
        6.05     0.999997     44205227    308404.71
        6.08     0.999997     44205246    327680.00
        6.08     0.999997     44205246    349525.33
        6.08     0.999997     44205246    374491.43
        6.11     0.999998     44205263    403298.46
        6.11     0.999998     44205263    436906.67
        6.14     0.999998     44205286    476625.45
        6.14     0.999998     44205286    524288.00
        6.14     0.999998     44205286    551882.11
        6.17     0.999998     44205303    582542.22
        6.17     0.999998     44205303    616809.41
        6.17     0.999998     44205303    655360.00
        6.17     0.999999     44205303    699050.67
        6.21     0.999999     44205321    748982.86
        6.21     0.999999     44205321    806596.92
        6.21     0.999999     44205321    873813.33
        6.21     0.999999     44205321    953250.91
        6.24     0.999999     44205335   1048576.00
        6.24     0.999999     44205335   1103764.21
        6.24     0.999999     44205335   1165084.44
        6.24     0.999999     44205335   1233618.82
        6.24     0.999999     44205335   1310720.00
        6.24     0.999999     44205335   1398101.33
        6.24     0.999999     44205335   1497965.71
        6.27     0.999999     44205343   1613193.85
        6.27     0.999999     44205343   1747626.67
        6.27     0.999999     44205343   1906501.82
        6.27     1.000000     44205343   2097152.00
        6.30     1.000000     44205348   2207528.42
        6.30     1.000000     44205348   2330168.89
        6.30     1.000000     44205348   2467237.65
        6.30     1.000000     44205348   2621440.00
        6.33     1.000000     44205358   2796202.67
        6.33     1.000000     44205358   2995931.43
        6.33     1.000000     44205358   3226387.69
        6.33     1.000000     44205358   3495253.33
        6.33     1.000000     44205358   3813003.64
        6.33     1.000000     44205358   4194304.00
        6.33     1.000000     44205358   4415056.84
        6.33     1.000000     44205358   4660337.78
        6.33     1.000000     44205358   4934475.29
        6.33     1.000000     44205358   5242880.00
        6.33     1.000000     44205358   5592405.33
        6.33     1.000000     44205358   5991862.86
        6.33     1.000000     44205358   6452775.39
        6.33     1.000000     44205358   6990506.67
        6.37     1.000000     44205359   7626007.28
        6.37     1.000000     44205359   8388608.00
        6.37     1.000000     44205359   8830113.68
        6.40     1.000000     44205360   9320675.55
        6.40     1.000000     44205360   9868950.59
        6.40     1.000000     44205360  10485760.00
        6.43     1.000000     44205361  11184810.67
        6.43     1.000000     44205361  11983725.71
        6.43     1.000000     44205361  12905550.76
        6.43     1.000000     44205361  13981013.34
        6.46     1.000000     44205362  15252014.55
        6.46     1.000000     44205362  16777216.00
        6.46     1.000000     44205362  17660227.38
        6.46     1.000000     44205362  18641351.10
        6.46     1.000000     44205362  19737901.19
        6.46     1.000000     44205362  20971519.98
        6.50     1.000000     44205364  22369621.33
        6.50     1.000000     44205364          inf
#[Mean    =        0.615, StdDeviation   =        0.153]
#[Max     =        6.495, Total count    =     44205364]
#[Buckets =           10, SubBuckets     =          256]
