       Value   Percentile   TotalCount 1/(1-Percentile)

        0.09     0.000000            1         1.00
        0.57     0.050000       343315         1.05
        0.57     0.100000       624889         1.11
        0.58     0.150000      1023961         1.18
        0.58     0.200000      1023961         1.25
        0.59     0.250000      1519126         1.33
        0.59     0.300000      1519126         1.43
        0.60     0.350000      2057304         1.54
        0.60     0.400000      2057304         1.67
        0.60     0.450000      2057304         1.82
        0.61     0.500000      2578580         2.00
        0.61     0.525000      2578580         2.11
        0.61     0.550000      2578580         2.22
        0.61     0.575000      2578580         2.35
        0.61     0.600000      3034613         2.50
        0.61     0.625000      3034613         2.67
        0.61     0.650000      3034613         2.86
        0.61     0.675000      3034613         3.08
        0.62     0.700000      3400162         3.33
        0.62     0.725000      3400162         3.64
        0.62     0.750000      3400162         4.00
        0.62     0.762500      3400162         4.21
        0.63     0.775000      3674234         4.44
        0.63     0.787500      3674234         4.71
        0.63     0.800000      3674234         5.00
        0.63     0.812500      3674234         5.33
        0.63     0.825000      3674234         5.71
        0.64     0.837500      3866042         6.15
        0.64     0.850000      3866042         6.67
        0.64     0.862500      3866042         7.27
        0.65     0.875000      3994103         8.00
        0.65     0.881250      3994103         8.42
        0.65     0.887500      3994103         8.89
        0.65     0.893750      3994103         9.41
        0.65     0.900000      3994103        10.00
        0.66     0.906250      4076724        10.67
        0.66     0.912500      4076724        11.43
        0.66     0.918750      4076724        12.31
        0.66     0.925000      4129306        13.33
        0.66     0.931250      4129306        14.55
        0.67     0.937500      4162468        16.00
        0.67     0.940625      4162468        16.84
        0.68     0.943750      4184067        17.78
        0.69     0.946875      4198753        18.82
        0.69     0.950000      4209207        20.00
        0.70     0.953125      4216891        21.33
        0.72     0.956250      4227744        22.86
        0.76     0.959375      4243504        24.62
        0.81     0.962500      4255304        26.67
        1.13     0.965625      4270657        29.09
        1.15     0.968750      4288131        32.00
        1.16     0.970313      4297388        33.68
        1.16     0.971875      4297388        35.56
        1.17     0.973437      4308666        37.65
        1.18     0.975000      4321286        40.00
        1.18     0.976562      4321286        42.67
        1.18     0.978125      4334719        45.71
        1.18     0.979688      4334719        49.23
        1.19     0.981250      4348490        53.33
        1.19     0.982812      4348490        58.18
        1.20     0.984375      4361658        64.00
        1.20     0.985156      4361658        67.37
        1.20     0.985938      4361658        71.11
        1.21     0.986719      4373503        75.29
        1.21     0.987500      4373503        80.00
        1.21     0.988281      4373503        85.33
        1.21     0.989062      4373503        91.43
        1.22     0.989844      4383900        98.46
        1.22     0.990625      4383900       106.67
        1.22     0.991406      4383900       116.36
        1.22     0.992188      4392337       128.00
        1.22     0.992578      4392337       134.74
        1.22     0.992969      4392337       142.22
        1.22     0.993359      4392337       150.59
        1.23     0.993750      4398718       160.00
        1.23     0.994141      4398718       170.67
        1.23     0.994531      4398718       182.86
        1.23     0.994922      4398718       196.92
        1.24     0.995313      4403624       213.33
        1.24     0.995703      4403624       232.73
        1.24     0.996094      4403624       256.00
        1.25     0.996289      4407178       269.47
        1.25     0.996484      4407178       284.44
        1.25     0.996680      4407178       301.18
        1.25     0.996875      4407178       320.00
        1.25     0.997070      4409650       341.33
        1.25     0.997266      4409650       365.71
        1.25     0.997461      4409650       393.85
        1.26     0.997656      4411330       426.67
        1.27     0.997852      4412549       465.45
        1.27     0.998047      4412549       512.00
        1.28     0.998145      4413301       538.95
        1.28     0.998242      4413301       568.89
        1.29     0.998340      4413866       602.35
        1.29     0.998437      4414252       640.00
        1.30     0.998535      4414569       682.67
        1.32     0.998633      4414955       731.43
        1.33     0.998730      4415226       787.69
        1.38     0.998828      4415670       853.33
        1.46     0.998926      4416098       930.91
        1.71     0.999023      4416528      1024.00
        1.94     0.999072      4416738      1077.89
        2.14     0.999121      4416952      1137.78
        2.35     0.999170      4417168      1204.71
        2.58     0.999219      4417397      1280.00
        2.78     0.999268      4417613      1365.33
        2.98     0.999316      4417816      1462.86
        3.18     0.999365      4418038      1575.38
        3.39     0.999414      4418254      1706.67
        3.62     0.999463      4418481      1861.82
        3.82     0.999512      4418691      2048.00
        3.92     0.999536      4418791      2155.79
        4.01     0.999561      4418897      2275.56
        4.16     0.999585      4419033      2409.41
        4.25     0.999609      4419134      2560.00
        4.32     0.999634      4419222      2730.67
        4.42     0.999658      4419326      2925.71
        4.54     0.999683      4419447      3150.77
        4.64     0.999707      4419554      3413.33
        4.77     0.999731      4419689      3723.64
        4.86     0.999756      4419796      4096.00
        4.89     0.999768      4419839      4311.58
        4.93     0.999780      4419880      4551.11
        4.96     0.999792      4419928      4818.82
        4.99     0.999805      4419982      5120.00
        5.05     0.999817      4420038      5461.33
        5.09     0.999829      4420088      5851.43
        5.15     0.999841      4420152      6301.54
        5.18     0.999854      4420192      6826.67
        5.25     0.999866      4420272      7447.27
        5.28     0.999878      4420300      8192.00
        5.31     0.999884      4420347      8623.16
        5.34     0.999890      4420381      9102.22
        5.34     0.999896      4420381      9637.65
        5.41     0.999902      4420443     10240.00
        5.41     0.999908      4420443     10922.67
        5.44     0.999915      4420483     11702.86
        5.47     0.999921      4420521     12603.08
        5.47     0.999927      4420521     13653.33
        5.50     0.999933      4420555     14894.55
        5.54     0.999939      4420589     16384.00
        5.54     0.999942      4420589     17246.32
        5.57     0.999945      4420629     18204.44
        5.57     0.999948      4420629     19275.29
        5.57     0.999951      4420629     20480.00
        5.60     0.999954      4420657     21845.33
        5.60     0.999957      4420657     23405.71
        5.63     0.999960      4420678     25206.15
        5.63     0.999963      4420678     27306.67
        5.66     0.999966      4420705     29789.09
        5.66     0.999969      4420705     32768.00
        5.70     0.999971      4420725     34492.63
        5.70     0.999973      4420725     36408.89
        5.70     0.999974      4420725     38550.59
        5.73     0.999976      4420742     40960.00
        5.73     0.999977      4420742     43690.67
        5.73     0.999979      4420742     46811.43
        5.76     0.999980      4420763     50412.31
        5.76     0.999982      4420763     54613.33
        5.76     0.999983      4420763     59578.18
        5.79     0.999985      4420769     65536.00
        5.82     0.999986      4420779     68985.26
        5.82     0.999986      4420779     72817.78
        5.82     0.999987      4420779     77101.18
        5.86     0.999988      4420789     81920.00
        5.86     0.999989      4420789     87381.33
        5.86     0.999989      4420789     93622.86
        5.89     0.999990      4420796    100824.62
        5.89     0.999991      4420796    109226.67
        5.92     0.999992      4420799    119156.36
        5.95     0.999992      4420804    131072.00
        5.95     0.999993      4420804    137970.53
        6.01     0.999993      4420809    145635.56
        6.01     0.999994      4420809    154202.35
        6.05     0.999994      4420815    163840.00
        6.05     0.999994      4420815    174762.67
        6.05     0.999995      4420815    187245.71
        6.05     0.999995      4420815    201649.23
        6.08     0.999995      4420819    218453.33
        6.08     0.999996      4420819    238312.73
        6.11     0.999996      4420820    262144.00
        6.11     0.999996      4420820    275941.05
        6.14     0.999997      4420822    291271.11
        6.14     0.999997      4420822    308404.71
        6.17     0.999997      4420826    327680.00
        6.17     0.999997      4420826    349525.33
        6.17     0.999997      4420826    374491.43
        6.17     0.999998      4420826    403298.46
        6.17     0.999998      4420826    436906.67
        6.21     0.999998      4420829    476625.45
        6.21     0.999998      4420829    524288.00
        6.21     0.999998      4420829    551882.11
        6.21     0.999998      4420829    582542.22
        6.21     0.999998      4420829    616809.41
        6.24     0.999998      4420831    655360.00
        6.24     0.999999      4420831    699050.67
        6.24     0.999999      4420831    748982.86
        6.24     0.999999      4420831    806596.92
        6.24     0.999999      4420831    873813.33
        6.27     0.999999      4420832    953250.91
        6.27     0.999999      4420832   1048576.00
        6.27     0.999999      4420832   1103764.21
        6.30     0.999999      4420833   1165084.44
        6.30     0.999999      4420833   1233618.82
        6.30     0.999999      4420833   1310720.00
        6.30     0.999999      4420833   1398101.33
        6.33     0.999999      4420834   1497965.71
        6.33     0.999999      4420834   1613193.85
        6.33     0.999999      4420834   1747626.67
        6.33     0.999999      4420834   1906501.82
        6.33     1.000000      4420834   2097152.00
        6.33     1.000000      4420834   2207528.42
        6.40     1.000000      4420835   2330168.89
        6.40     1.000000      4420835   2467237.65
        6.40     1.000000      4420835   2621440.00
        6.40     1.000000      4420835   2796202.67
        6.40     1.000000      4420835   2995931.43
        6.40     1.000000      4420835   3226387.69
        6.40     1.000000      4420835   3495253.33
        6.40     1.000000      4420835   3813003.64
        6.40     1.000000      4420835   4194304.00
        6.40     1.000000      4420835   4415056.84
        6.53     1.000000      4420836   4660337.78
        6.53     1.000000      4420836          inf
#[Mean    =        0.628, StdDeviation   =        0.154]
#[Max     =        6.527, Total count    =      4420836]
#[Buckets =           10, SubBuckets     =          256]
