       Value   Percentile   TotalCount 1/(1-Percentile)

        0.14     0.000000            1         1.00
        6.97     0.050000       377983         1.05
        7.10     0.100000       724087         1.11
        7.20     0.150000      1145151         1.18
        7.26     0.200000      1555146         1.25
        7.33     0.250000      1989249         1.33
        7.36     0.300000      2248820         1.43
        7.39     0.350000      2527446         1.54
        7.46     0.400000      3052102         1.67
        7.49     0.450000      3325300         1.82
        7.52     0.500000      3618060         2.00
        7.55     0.525000      3899137         2.11
        7.58     0.550000      4155746         2.22
        7.58     0.575000      4155746         2.35
        7.62     0.600000      4404128         2.50
        7.65     0.625000      4660231         2.67
        7.65     0.650000      4660231         2.86
        7.68     0.675000      4909137         3.08
        7.71     0.700000      5132767         3.33
        7.74     0.725000      5332465         3.64
        7.78     0.750000      5523674         4.00
        7.78     0.762500      5523674         4.21
        7.81     0.775000      5708903         4.44
        7.81     0.787500      5708903         4.71
        7.84     0.800000      5874634         5.00
        7.84     0.812500      5874634         5.33
        7.87     0.825000      6016232         5.71
        7.87     0.837500      6016232         6.15
        7.90     0.850000      6142560         6.67
        7.93     0.862500      6260461         7.27
        7.97     0.875000      6366567         8.00
        7.97     0.881250      6366567         8.42
        7.97     0.887500      6366567         8.89
        8.00     0.893750      6455322         9.41
        8.00     0.900000      6455322        10.00
        8.03     0.906250      6532032        10.67
        8.06     0.912500      6601073        11.43
        8.06     0.918750      6601073        12.31
        8.10     0.925000      6661818        13.33
        8.13     0.931250      6712621        14.55
        8.16     0.937500      6755264        16.00
        8.16     0.940625      6755264        16.84
        8.19     0.943750      6791181        17.78
        8.19     0.946875      6791181        18.82
        8.26     0.950000      6849334        20.00
        8.26     0.953125      6849334        21.33
        8.26     0.956250      6849334        22.86
        8.32     0.959375      6890308        24.62
        8.38     0.962500      6919727        26.67
        8.38     0.965625      6919727        29.09
        8.45     0.968750      6940397        32.00
        8.51     0.970313      6955531        33.68
        8.57     0.971875      6966767        35.56
        8.64     0.973437      6975145        37.65
        8.70     0.975000      6981578        40.00
        8.89     0.976562      6994944        42.67
        9.09     0.978125      7004180        45.71
        9.41     0.979688      7015400        49.23
        9.86     0.981250      7027811        53.33
       10.30     0.982812      7038269        58.18
       10.81     0.984375      7049102        64.00
       11.07     0.985156      7054214        67.37
       11.39     0.985938      7060166        71.11
       11.71     0.986719      7066061        75.29
       12.03     0.987500      7071520        80.00
       12.35     0.988281      7077004        85.33
       12.67     0.989062      7082333        91.43
       13.05     0.989844      7088470        98.46
       13.44     0.990625      7093560       106.67
       13.95     0.991406      7099147       116.36
       14.40     0.992188      7105196       128.00
       14.53     0.992578      7108649       134.74
       14.59     0.992969      7110698       142.22
       14.65     0.993359      7113068       150.59
       14.72     0.993750      7115718       160.00
       14.85     0.994141      7121291       170.67
       14.91     0.994531      7124108       182.86
       14.91     0.994922      7124108       196.92
       14.97     0.995313      7126985       213.33
       15.04     0.995703      7129735       232.73
       15.17     0.996094      7134818       256.00
       15.17     0.996289      7134818       269.47
       15.23     0.996484      7137156       284.44
       15.23     0.996680      7137156       301.18
       15.29     0.996875      7139263       320.00
       15.36     0.997070      7141050       341.33
       15.36     0.997266      7141050       365.71
       15.42     0.997461      7142660       393.85
       15.49     0.997656      7144022       426.67
       15.55     0.997852      7145170       465.45
       15.68     0.998047      7146890       512.00
       15.74     0.998145      7147513       538.95
       15.81     0.998242      7148072       568.89
       15.94     0.998340      7148879       602.35
       16.06     0.998437      7149457       640.00
       16.25     0.998535      7150043       682.67
       16.64     0.998633      7150792       731.43
       17.15     0.998730      7151531       787.69
       17.79     0.998828      7152090       853.33
       18.69     0.998926      7152870       930.91
       19.33     0.999023      7153573      1024.00
       19.71     0.999072      7153903      1077.89
       20.09     0.999121      7154269      1137.78
       20.48     0.999170      7154606      1204.71
       20.86     0.999219      7154885      1280.00
       21.38     0.999268      7155350      1365.33
       21.63     0.999316      7155636      1462.86
       22.02     0.999365      7156036      1575.38
       22.27     0.999414      7156277      1706.67
       22.66     0.999463      7156672      1861.82
       22.91     0.999512      7157042      2048.00
       23.04     0.999536      7157251      2155.79
       23.17     0.999561      7157410      2275.56
       23.30     0.999585      7157561      2409.41
       23.42     0.999609      7157702      2560.00
       23.68     0.999634      7157873      2730.67
       23.93     0.999658      7158078      2925.71
       24.19     0.999683      7158245      3150.77
       24.45     0.999707      7158376      3413.33
       24.83     0.999731      7158558      3723.64
       25.34     0.999756      7158761      4096.00
       25.47     0.999768      7158829      4311.58
       25.60     0.999780      7158895      4551.11
       25.98     0.999792      7159017      4818.82
       26.24     0.999805      7159081      5120.00
       26.50     0.999817      7159162      5461.33
       26.88     0.999829      7159272      5851.43
       27.26     0.999841      7159353      6301.54
       27.52     0.999854      7159433      6826.67
       27.90     0.999866      7159522      7447.27
       28.41     0.999878      7159599      8192.00
       28.54     0.999884      7159652      8623.16
       28.67     0.999890      7159685      9102.22
       28.93     0.999896      7159725      9637.65
       29.44     0.999902      7159770     10240.00
       29.95     0.999908      7159814     10922.67
       30.34     0.999915      7159858     11702.86
       30.72     0.999921      7159902     12603.08
       31.10     0.999927      7159955     13653.33
       31.36     0.999933      7159989     14894.55
       31.49     0.999939      7160030     16384.00
       31.61     0.999942      7160075     17246.32
       31.61     0.999945      7160075     18204.44
       31.74     0.999948      7160098     19275.29
       32.26     0.999951      7160122     20480.00
       32.51     0.999954      7160141     21845.33
       32.64     0.999957      7160174     23405.71
       32.77     0.999960      7160200     25206.15
       33.02     0.999963      7160226     27306.67
       33.02     0.999966      7160226     29789.09
       33.53     0.999969      7160251     32768.00
       33.79     0.999971      7160264     34492.63
       34.30     0.999973      7160273     36408.89
       34.56     0.999974      7160295     38550.59
       34.56     0.999976      7160295     40960.00
       34.81     0.999977      7160313     43690.67
       35.07     0.999979      7160316     46811.43
       37.63     0.999980      7160327     50412.31
       38.14     0.999982      7160358     54613.33
       38.14     0.999983      7160358     59578.18
       38.14     0.999985      7160358     65536.00
       38.40     0.999986      7160366     68985.26
       38.91     0.999986      7160371     72817.78
       39.17     0.999987      7160387     77101.18
       39.17     0.999988      7160387     81920.00
       39.17     0.999989      7160387     87381.33
       39.42     0.999989      7160397     93622.86
       39.42     0.999990      7160397    100824.62
       40.19     0.999991      7160410    109226.67
       40.19     0.999992      7160410    119156.36
       40.45     0.999992      7160414    131072.00
       40.70     0.999993      7160423    137970.53
       40.70     0.999993      7160423    145635.56
       40.70     0.999994      7160423    154202.35
       40.70     0.999994      7160423    163840.00
       46.85     0.999994      7160426    174762.67
       61.95     0.999995      7160434    187245.71
       61.95     0.999995      7160434    201649.23
       61.95     0.999995      7160434    218453.33
       62.21     0.999996      7160447    238312.73
       62.21     0.999996      7160447    262144.00
       62.21     0.999996      7160447    275941.05
       62.21     0.999997      7160447    291271.11
       62.21     0.999997      7160447    308404.71
       62.21     0.999997      7160447    327680.00
       62.21     0.999997      7160447    349525.33
       62.21     0.999997      7160447    374491.43
       63.23     0.999998      7160462    403298.46
       63.23     0.999998      7160462    436906.67
       63.23     0.999998      7160462    476625.45
       63.23     0.999998      7160462    524288.00
       63.23     0.999998      7160462    551882.11
       63.23     0.999998      7160462    582542.22
       63.23     0.999998      7160462    616809.41
       63.23     0.999998      7160462    655360.00
       63.23     0.999999      7160462    699050.67
       63.23     0.999999      7160462    748982.86
       63.23     0.999999      7160462    806596.92
       63.23     0.999999      7160462    873813.33
       63.23     0.999999      7160462    953250.91
       63.23     0.999999      7160462   1048576.00
       63.23     0.999999      7160462   1103764.21
       63.23     0.999999      7160462   1165084.44
       63.23     0.999999      7160462   1233618.82
       63.23     0.999999      7160462   1310720.00
       63.23     0.999999      7160462   1398101.33
       63.23     0.999999      7160462   1497965.71
       63.23     0.999999      7160462   1613193.85
       63.23     0.999999      7160462   1747626.67
       63.49     0.999999      7160466   1906501.82
       63.49     1.000000      7160466          inf
#[Mean    =        7.600, StdDeviation   =        1.107]
#[Max     =       63.487, Total count    =      7160466]
#[Buckets =           10, SubBuckets     =          256]
