       Value   Percentile   TotalCount 1/(1-Percentile)

        0.51     0.000000            1         1.00
        7.13     0.050000        36557         1.05
        7.26     0.100000        74172         1.11
        7.36     0.150000       120455         1.18
        7.42     0.200000       162056         1.25
        7.46     0.250000       183560         1.33
        7.52     0.300000       235630         1.43
        7.55     0.350000       262705         1.54
        7.58     0.400000       288759         1.67
        7.65     0.450000       344447         1.82
        7.68     0.500000       373236         2.00
        7.71     0.525000       399638         2.11
        7.71     0.550000       399638         2.22
        7.74     0.575000       424946         2.35
        7.78     0.600000       450676         2.50
        7.78     0.625000       450676         2.67
        7.81     0.650000       475876         2.86
        7.84     0.675000       498940         3.08
        7.87     0.700000       520011         3.33
        7.87     0.725000       520011         3.64
        7.90     0.750000       539501         4.00
        7.93     0.762500       558307         4.21
        7.93     0.775000       558307         4.44
        7.97     0.787500       575675         4.71
        7.97     0.800000       575675         5.00
        8.00     0.812500       590547         5.33
        8.03     0.825000       603880         5.71
        8.03     0.837500       603880         6.15
        8.06     0.850000       616350         6.67
        8.10     0.862500       627612         7.27
        8.10     0.875000       627612         8.00
        8.13     0.881250       637375         8.42
        8.13     0.887500       637375         8.89
        8.16     0.893750       645531         9.41
        8.16     0.900000       645531        10.00
        8.19     0.906250       652700        10.67
        8.26     0.912500       664855        11.43
        8.26     0.918750       664855        12.31
        8.26     0.925000       664855        13.33
        8.32     0.931250       673446        14.55
        8.32     0.937500       673446        16.00
        8.38     0.940625       679843        16.84
        8.38     0.943750       679843        17.78
        8.38     0.946875       679843        18.82
        8.45     0.950000       684479        20.00
        8.45     0.953125       684479        21.33
        8.51     0.956250       687813        22.86
        8.51     0.959375       687813        24.62
        8.57     0.962500       690271        26.67
        8.64     0.965625       692030        29.09
        8.77     0.968750       694467        32.00
        8.83     0.970313       695280        33.68
        8.96     0.971875       696514        35.56
        9.09     0.973437       697394        37.65
        9.34     0.975000       698694        40.00
        9.60     0.976562       699721        42.67
        9.92     0.978125       700772        45.71
       10.30     0.979688       701934        49.23
       10.69     0.981250       703008        53.33
       11.13     0.982812       704146        58.18
       11.58     0.984375       705197        64.00
       11.84     0.985156       705766        67.37
       12.10     0.985938       706269        71.11
       12.41     0.986719       706927        75.29
       12.67     0.987500       707442        80.00
       12.99     0.988281       708069        85.33
       13.25     0.989062       708537        91.43
       13.63     0.989844       709110        98.46
       14.08     0.990625       709628       106.67
       14.53     0.991406       710305       116.36
       14.72     0.992188       710864       128.00
       14.78     0.992578       711098       134.74
       14.85     0.992969       711385       142.22
       14.91     0.993359       711676       150.59
       14.97     0.993750       711954       160.00
       15.04     0.994141       712254       170.67
       15.10     0.994531       712547       182.86
       15.17     0.994922       712821       196.92
       15.23     0.995313       713107       213.33
       15.29     0.995703       713363       232.73
       15.36     0.996094       713633       256.00
       15.42     0.996289       713866       269.47
       15.42     0.996484       713866       284.44
       15.49     0.996680       714072       301.18
       15.55     0.996875       714240       320.00
       15.55     0.997070       714240       341.33
       15.62     0.997266       714381       365.71
       15.74     0.997461       714599       393.85
       15.81     0.997656       714686       426.67
       15.94     0.997852       714823       465.45
       16.13     0.998047       714939       512.00
       16.32     0.998145       715015       538.95
       16.64     0.998242       715086       568.89
       17.02     0.998340       715160       602.35
       17.54     0.998437       715225       640.00
       17.92     0.998535       715284       682.67
       18.69     0.998633       715366       731.43
       19.20     0.998730       715433       787.69
       19.71     0.998828       715498       853.33
       20.22     0.998926       715563       930.91
       20.99     0.999023       715638      1024.00
       21.38     0.999072       715676      1077.89
       21.63     0.999121       715711      1137.78
       21.89     0.999170       715751      1204.71
       22.14     0.999219       715780      1280.00
       22.40     0.999268       715815      1365.33
       22.66     0.999316       715850      1462.86
       22.91     0.999365       715893      1575.38
       23.04     0.999414       715916      1706.67
       23.30     0.999463       715965      1861.82
       23.55     0.999512       715998      2048.00
       23.68     0.999536       716009      2155.79
       23.81     0.999561       716018      2275.56
       24.06     0.999585       716040      2409.41
       24.32     0.999609       716053      2560.00
       24.70     0.999634       716079      2730.67
       24.96     0.999658       716093      2925.71
       25.21     0.999683       716106      3150.77
       25.47     0.999707       716127      3413.33
       25.73     0.999731       716143      3723.64
       26.11     0.999756       716160      4096.00
       26.37     0.999768       716169      4311.58
       26.62     0.999780       716176      4551.11
       26.75     0.999792       716184      4818.82
       27.14     0.999805       716198      5120.00
       27.26     0.999817       716204      5461.33
       27.52     0.999829       716212      5851.43
       27.77     0.999841       716222      6301.54
       28.16     0.999854       716228      6826.67
       28.54     0.999866       716238      7447.27
       28.80     0.999878       716248      8192.00
       28.93     0.999884       716249      8623.16
       29.18     0.999890       716255      9102.22
       29.57     0.999896       716263      9637.65
       29.57     0.999902       716263     10240.00
       29.82     0.999908       716268     10922.67
       29.95     0.999915       716271     11702.86
       30.85     0.999921       716276     12603.08
       31.10     0.999927       716280     13653.33
       31.49     0.999933       716284     14894.55
       31.87     0.999939       716289     16384.00
       32.00     0.999942       716291     17246.32
       32.38     0.999945       716295     18204.44
       32.38     0.999948       716295     19275.29
       32.77     0.999951       716299     20480.00
       33.02     0.999954       716303     21845.33
       33.02     0.999957       716303     23405.71
       33.28     0.999960       716305     25206.15
       33.53     0.999963       716307     27306.67
       33.79     0.999966       716312     29789.09
       33.79     0.999969       716312     32768.00
       33.79     0.999971       716312     34492.63
       34.56     0.999973       716314     36408.89
       34.56     0.999974       716314     38550.59
       34.81     0.999976       716318     40960.00
       34.81     0.999977       716318     43690.67
       34.81     0.999979       716318     46811.43
       34.81     0.999980       716318     50412.31
       35.33     0.999982       716319     54613.33
       37.63     0.999983       716320     59578.18
       38.14     0.999985       716323     65536.00
       38.14     0.999986       716323     68985.26
       38.14     0.999986       716323     72817.78
       38.14     0.999987       716323     77101.18
       38.40     0.999988       716324     81920.00
       38.40     0.999989       716324     87381.33
       40.45     0.999989       716325     93622.86
       40.45     0.999990       716325    100824.62
       44.80     0.999991       716326    109226.67
       44.80     0.999992       716326    119156.36
       46.08     0.999992       716327    131072.00
       46.08     0.999993       716327    137970.53
       47.10     0.999993       716328    145635.56
       47.10     0.999994       716328    154202.35
       47.10     0.999994       716328    163840.00
       47.10     0.999994       716328    174762.67
       63.23     0.999995       716330    187245.71
       63.23     0.999995       716330    201649.23
       63.23     0.999995       716330    218453.33
       63.23     0.999996       716330    238312.73
       63.23     0.999996       716330    262144.00
       63.23     0.999996       716330    275941.05
       63.23     0.999997       716330    291271.11
       63.23     0.999997       716330    308404.71
       63.23     0.999997       716330    327680.00
       63.23     0.999997       716330    349525.33
       63.49     0.999997       716331    374491.43
       63.49     0.999998       716331    403298.46
       63.49     0.999998       716331    436906.67
       63.49     0.999998       716331    476625.45
       63.49     0.999998       716331    524288.00
       63.49     0.999998       716331    551882.11
       63.49     0.999998       716331    582542.22
       63.49     0.999998       716331    616809.41
       63.49     0.999998       716331    655360.00
       63.49     0.999999       716331    699050.67
       93.69     0.999999       716332    748982.86
       93.69     1.000000       716332          inf
#[Mean    =        7.767, StdDeviation   =        1.165]
#[Max     =       93.695, Total count    =       716332]
#[Buckets =           10, SubBuckets     =          256]
