       Value   Percentile   TotalCount 1/(1-Percentile)

        0.20     0.000000            2         1.00
        2.75     0.050000       969626         1.05
        2.85     0.100000      1972634         1.11
        2.90     0.150000      2788478         1.18
        2.94     0.200000      3855578         1.25
        2.98     0.250000      4703438         1.33
        3.01     0.300000      5645266         1.43
        3.04     0.350000      6662052         1.54
        3.07     0.400000      7719920         1.67
        3.09     0.450000      8257846         1.82
        3.12     0.500000      9326765         2.00
        3.13     0.525000      9852878         2.11
        3.15     0.550000     10370949         2.22
        3.17     0.575000     10873698         2.35
        3.18     0.600000     11361504         2.50
        3.18     0.625000     11361504         2.67
        3.20     0.650000     11830931         2.86
        3.21     0.675000     12281983         3.08
        3.25     0.700000     13112903         3.33
        3.26     0.725000     13491740         3.64
        3.28     0.750000     13845076         4.00
        3.29     0.762500     14171583         4.21
        3.29     0.775000     14171583         4.44
        3.31     0.787500     14469913         4.71
        3.33     0.800000     14741373         5.00
        3.34     0.812500     14988138         5.33
        3.34     0.825000     14988138         5.71
        3.38     0.837500     15406713         6.15
        3.39     0.850000     15583161         6.67
        3.41     0.862500     15740295         7.27
        3.44     0.875000     16000823         8.00
        3.46     0.881250     16107987         8.42
        3.47     0.887500     16202069         8.89
        3.49     0.893750     16284013         9.41
        3.50     0.900000     16356305        10.00
        3.54     0.906250     16475969        10.67
        3.58     0.912500     16607024        11.43
        3.63     0.918750     16700421        12.31
        3.71     0.925000     16806612        13.33
        3.87     0.931250     16918290        14.55
        4.45     0.937500     17029203        16.00
        5.02     0.940625     17085885        16.84
        5.38     0.943750     17149806        17.78
        5.54     0.946875     17206562        18.82
        5.66     0.950000     17272935        20.00
        5.73     0.953125     17314237        21.33
        5.82     0.956250     17386377        22.86
        5.89     0.959375     17440579        24.62
        5.95     0.962500     17499285        26.67
        6.01     0.965625     17559281        29.09
        6.08     0.968750     17619985        32.00
        6.11     0.970313     17649697        33.68
        6.14     0.971875     17679251        35.56
        6.17     0.973437     17708103        37.65
        6.21     0.975000     17736164        40.00
        6.24     0.976562     17763276        42.67
        6.27     0.978125     17789325        45.71
        6.30     0.979688     17813820        49.23
        6.33     0.981250     17837121        53.33
        6.37     0.982812     17859246        58.18
        6.43     0.984375     17899344        64.00
        6.43     0.985156     17899344        67.37
        6.46     0.985938     17917671        71.11
        6.50     0.986719     17934347        75.29
        6.53     0.987500     17949803        80.00
        6.56     0.988281     17963764        85.33
        6.59     0.989062     17976394        91.43
        6.62     0.989844     17987596        98.46
        6.66     0.990625     17997663       106.67
        6.72     0.991406     18014352       116.36
        6.78     0.992188     18027369       128.00
        6.82     0.992578     18032858       134.74
        6.85     0.992969     18037456       142.22
        6.91     0.993359     18045309       150.59
        6.97     0.993750     18051404       160.00
        7.07     0.994141     18058689       170.67
        7.20     0.994531     18065913       182.86
        7.36     0.994922     18072618       196.92
        7.58     0.995313     18079356       213.33
        7.93     0.995703     18086583       232.73
        8.38     0.996094     18093873       256.00
        8.64     0.996289     18097487       269.47
        8.83     0.996484     18100263       284.44
        9.09     0.996680     18103829       301.18
        9.34     0.996875     18107444       320.00
        9.60     0.997070     18110917       341.33
        9.92     0.997266     18115058       365.71
       10.18     0.997461     18118353       393.85
       10.43     0.997656     18121620       426.67
       10.75     0.997852     18125666       465.45
       11.01     0.998047     18128607       512.00
       11.20     0.998145     18130868       538.95
       11.33     0.998242     18132192       568.89
       11.52     0.998340     18133982       602.35
       11.78     0.998437     18136185       640.00
       11.97     0.998535     18137717       682.67
       12.22     0.998633     18139699       731.43
       12.41     0.998730     18141100       787.69
       12.73     0.998828     18142874       853.33
       13.05     0.998926     18144615       930.91
       13.44     0.999023     18146386      1024.00
       13.70     0.999072     18147339      1077.89
       13.95     0.999121     18148285      1137.78
       14.21     0.999170     18149207      1204.71
       14.46     0.999219     18149978      1280.00
       14.85     0.999268     18150793      1365.33
       15.23     0.999316     18151690      1462.86
       15.62     0.999365     18152585      1575.38
       16.06     0.999414     18153477      1706.67
       16.64     0.999463     18154380      1861.82
       17.28     0.999512     18155420      2048.00
       17.54     0.999536     18155792      2155.79
       17.79     0.999561     18156147      2275.56
       18.18     0.999585     18156693      2409.41
       18.43     0.999609     18157026      2560.00
       18.82     0.999634     18157472      2730.67
       19.20     0.999658     18157993      2925.71
       19.58     0.999683     18158366      3150.77
       20.09     0.999707     18158832      3413.33
       20.61     0.999731     18159260      3723.64
       21.12     0.999756     18159667      4096.00
       21.38     0.999768     18159883      4311.58
       21.63     0.999780     18160095      4551.11
       22.02     0.999792     18160421      4818.82
       22.27     0.999805     18160607      5120.00
       22.53     0.999817     18160818      5461.33
       22.78     0.999829     18161040      5851.43
       23.04     0.999841     18161197      6301.54
       23.42     0.999854     18161467      6826.67
       23.81     0.999866     18161704      7447.27
       24.06     0.999878     18161864      8192.00
       24.32     0.999884     18162009      8623.16
       24.57     0.999890     18162144      9102.22
       24.70     0.999896     18162216      9637.65
       24.96     0.999902     18162336     10240.00
       25.21     0.999908     18162462     10922.67
       25.34     0.999915     18162528     11702.86
       25.60     0.999921     18162684     12603.08
       25.73     0.999927     18162760     13653.33
       25.98     0.999933     18162861     14894.55
       26.24     0.999939     18162975     16384.00
       26.37     0.999942     18163038     17246.32
       26.50     0.999945     18163080     18204.44
       26.75     0.999948     18163168     19275.29
       26.88     0.999951     18163211     20480.00
       27.01     0.999954     18163253     21845.33
       27.26     0.999957     18163338     23405.71
       27.39     0.999960     18163377     25206.15
       27.52     0.999963     18163410     27306.67
       27.77     0.999966     18163490     29789.09
       27.90     0.999969     18163521     32768.00
       28.03     0.999971     18163549     34492.63
       28.29     0.999973     18163595     36408.89
       28.41     0.999974     18163623     38550.59
       28.54     0.999976     18163643     40960.00
       28.67     0.999977     18163668     43690.67
       28.80     0.999979     18163690     46811.43
       29.05     0.999980     18163733     50412.31
       29.18     0.999982     18163753     54613.33
       29.44     0.999983     18163783     59578.18
       29.57     0.999985     18163799     65536.00
       29.70     0.999986     18163812     68985.26
       29.95     0.999986     18163837     72817.78
       30.08     0.999987     18163845     77101.18
       30.34     0.999988     18163856     81920.00
       30.59     0.999989     18163873     87381.33
       30.72     0.999989     18163883     93622.86
       30.98     0.999990     18163899    100824.62
       31.23     0.999991     18163914    109226.67
       31.36     0.999992     18163926    119156.36
       31.61     0.999992     18163939    131072.00
       31.74     0.999993     18163945    137970.53
       31.87     0.999993     18163951    145635.56
       32.00     0.999994     18163960    154202.35
       32.13     0.999994     18163967    163840.00
       32.26     0.999994     18163977    174762.67
       32.38     0.999995     18163998    187245.71
       32.38     0.999995     18163998    201649.23
       32.38     0.999995     18163998    218453.33
       32.51     0.999996     18164009    238312.73
       32.51     0.999996     18164009    262144.00
       32.64     0.999996     18164011    275941.05
       32.77     0.999997     18164016    291271.11
       33.02     0.999997     18164024    308404.71
       33.02     0.999997     18164024    327680.00
       33.02     0.999997     18164024    349525.33
       33.28     0.999997     18164030    374491.43
       33.28     0.999998     18164030    403298.46
       33.53     0.999998     18164037    436906.67
       33.53     0.999998     18164037    476625.45
       33.79     0.999998     18164044    524288.00
       33.79     0.999998     18164044    551882.11
       33.79     0.999998     18164044    582542.22
       34.05     0.999998     18164048    616809.41
       34.05     0.999998     18164048    655360.00
       34.30     0.999999     18164050    699050.67
       34.81     0.999999     18164056    748982.86
       34.81     0.999999     18164056    806596.92
       34.81     0.999999     18164056    873813.33
       34.81     0.999999     18164056    953250.91
       35.07     0.999999     18164059   1048576.00
       35.07     0.999999     18164059   1103764.21
       35.33     0.999999     18164061   1165084.44
       35.33     0.999999     18164061   1233618.82
       35.58     0.999999     18164063   1310720.00
       35.58     0.999999     18164063   1398101.33
       35.58     0.999999     18164063   1497965.71
       35.84     0.999999     18164066   1613193.85
       35.84     0.999999     18164066   1747626.67
       35.84     0.999999     18164066   1906501.82
       36.09     1.000000     18164067   2097152.00
       36.09     1.000000     18164067   2207528.42
       36.61     1.000000     18164068   2330168.89
       36.61     1.000000     18164068   2467237.65
       36.86     1.000000     18164070   2621440.00
       36.86     1.000000     18164070   2796202.67
       36.86     1.000000     18164070   2995931.43
       36.86     1.000000     18164070   3226387.69
       36.86     1.000000     18164070   3495253.33
       37.12     1.000000     18164071   3813003.64
       37.12     1.000000     18164071   4194304.00
       37.12     1.000000     18164071   4415056.84
       37.38     1.000000     18164072   4660337.78
       37.38     1.000000     18164072   4934475.29
       37.38     1.000000     18164072   5242880.00
       37.38     1.000000     18164072   5592405.33
       37.38     1.000000     18164072   5991862.86
       37.63     1.000000     18164073   6452775.39
       37.63     1.000000     18164073   6990506.67
       37.63     1.000000     18164073   7626007.28
       37.63     1.000000     18164073   8388608.00
       37.63     1.000000     18164073   8830113.68
       37.89     1.000000     18164074   9320675.55
       37.89     1.000000     18164074   9868950.59
       37.89     1.000000     18164074  10485760.00
       37.89     1.000000     18164074  11184810.67
       37.89     1.000000     18164074  11983725.71
       37.89     1.000000     18164074  12905550.76
       37.89     1.000000     18164074  13981013.34
       37.89     1.000000     18164074  15252014.55
       37.89     1.000000     18164074  16777216.00
       37.89     1.000000     18164074  17660227.38
       38.14     1.000000     18164075  18641351.10
       38.14     1.000000     18164075          inf
#[Mean    =        3.301, StdDeviation   =        0.971]
#[Max     =       38.143, Total count    =     18164075]
#[Buckets =           10, SubBuckets     =          256]
