       Value   Percentile   TotalCount 1/(1-Percentile)

        0.34     0.000000            1         1.00
        2.78     0.050000        83785         1.05
        2.88     0.100000       170027         1.11
        2.94     0.150000       269596         1.18
        2.98     0.200000       334514         1.25
        3.02     0.250000       450012         1.33
        3.06     0.300000       537640         1.43
        3.07     0.350000       583564         1.54
        3.10     0.400000       678716         1.67
        3.13     0.450000       775238         1.82
        3.17     0.500000       870499         2.00
        3.17     0.525000       870499         2.11
        3.18     0.550000       916828         2.22
        3.20     0.575000       962762         2.35
        3.21     0.600000      1007182         2.50
        3.23     0.625000      1050218         2.67
        3.25     0.650000      1091790         2.86
        3.26     0.675000      1131031         3.08
        3.28     0.700000      1168152         3.33
        3.29     0.725000      1202962         3.64
        3.33     0.750000      1266312         4.00
        3.33     0.762500      1266312         4.21
        3.34     0.775000      1294738         4.44
        3.36     0.787500      1320806         4.71
        3.38     0.800000      1344389         5.00
        3.38     0.812500      1344389         5.33
        3.39     0.825000      1365753         5.71
        3.41     0.837500      1385056         6.15
        3.44     0.850000      1417588         6.67
        3.46     0.862500      1431194         7.27
        3.49     0.875000      1453639         8.00
        3.50     0.881250      1463036         8.42
        3.52     0.887500      1471195         8.89
        3.54     0.893750      1478333         9.41
        3.57     0.900000      1489988        10.00
        3.60     0.906250      1499351        10.67
        3.65     0.912500      1509537        11.43
        3.71     0.918750      1519373        12.31
        3.81     0.925000      1528559        13.33
        4.01     0.931250      1538192        14.55
        4.70     0.937500      1548419        16.00
        5.18     0.940625      1553744        16.84
        5.44     0.943750      1558837        17.78
        5.60     0.946875      1564425        18.82
        5.70     0.950000      1569149        20.00
        5.79     0.953125      1574933        21.33
        5.86     0.956250      1579482        22.86
        5.95     0.959375      1586913        24.62
        6.01     0.962500      1592293        26.67
        6.05     0.965625      1595055        29.09
        6.11     0.968750      1600603        32.00
        6.14     0.970313      1603434        33.68
        6.17     0.971875      1606122        35.56
        6.21     0.973437      1608782        37.65
        6.24     0.975000      1611342        40.00
        6.27     0.976562      1613876        42.67
        6.30     0.978125      1616199        45.71
        6.33     0.979688      1618411        49.23
        6.40     0.981250      1622627        53.33
        6.43     0.982812      1624462        58.18
        6.46     0.984375      1626294        64.00
        6.50     0.985156      1628040        67.37
        6.53     0.985938      1629620        71.11
        6.56     0.986719      1631045        75.29
        6.56     0.987500      1631045        80.00
        6.59     0.988281      1632297        85.33
        6.66     0.989062      1634544        91.43
        6.69     0.989844      1635504        98.46
        6.72     0.990625      1636370       106.67
        6.78     0.991406      1637752       116.36
        6.85     0.992188      1638790       128.00
        6.91     0.992578      1639641       134.74
        6.94     0.992969      1639996       142.22
        7.04     0.993359      1640830       150.59
        7.10     0.993750      1641276       160.00
        7.23     0.994141      1641946       170.67
        7.39     0.994531      1642583       182.86
        7.62     0.994922      1643208       196.92
        7.93     0.995313      1643850       213.33
        8.32     0.995703      1644474       232.73
        8.77     0.996094      1645109       256.00
        9.02     0.996289      1645477       269.47
        9.28     0.996484      1645825       284.44
        9.54     0.996680      1646167       301.18
        9.79     0.996875      1646483       320.00
       10.05     0.997070      1646786       341.33
       10.30     0.997266      1647129       365.71
       10.56     0.997461      1647432       393.85
       10.81     0.997656      1647749       426.67
       11.07     0.997852      1648041       465.45
       11.39     0.998047      1648357       512.00
       11.58     0.998145      1648547       538.95
       11.78     0.998242      1648697       568.89
       11.97     0.998340      1648840       602.35
       12.16     0.998437      1648990       640.00
       12.35     0.998535      1649142       682.67
       12.67     0.998633      1649312       731.43
       12.99     0.998730      1649481       787.69
       13.31     0.998828      1649650       853.33
       13.70     0.998926      1649792       930.91
       14.14     0.999023      1649963      1024.00
       14.34     0.999072      1650028      1077.89
       14.65     0.999121      1650109      1137.78
       14.97     0.999170      1650199      1204.71
       15.29     0.999219      1650273      1280.00
       15.62     0.999268      1650358      1365.33
       16.06     0.999316      1650432      1462.86
       16.64     0.999365      1650536      1575.38
       17.02     0.999414      1650607      1706.67
       17.41     0.999463      1650685      1861.82
       17.92     0.999512      1650768      2048.00
       18.18     0.999536      1650810      2155.79
       18.43     0.999561      1650850      2275.56
       18.69     0.999585      1650888      2409.41
       18.94     0.999609      1650923      2560.00
       19.20     0.999634      1650963      2730.67
       19.58     0.999658      1650996      2925.71
       20.09     0.999683      1651040      3150.77
       20.73     0.999707      1651086      3413.33
       21.12     0.999731      1651122      3723.64
       21.63     0.999756      1651162      4096.00
       21.89     0.999768      1651182      4311.58
       22.14     0.999780      1651199      4551.11
       22.53     0.999792      1651227      4818.82
       22.66     0.999805      1651239      5120.00
       22.91     0.999817      1651259      5461.33
       23.17     0.999829      1651279      5851.43
       23.42     0.999841      1651301      6301.54
       23.81     0.999854      1651322      6826.67
       24.06     0.999866      1651338      7447.27
       24.45     0.999878      1651363      8192.00
       24.57     0.999884      1651371      8623.16
       24.83     0.999890      1651380      9102.22
       25.09     0.999896      1651390      9637.65
       25.34     0.999902      1651399     10240.00
       25.60     0.999908      1651409     10922.67
       25.86     0.999915      1651420     11702.86
       25.98     0.999921      1651429     12603.08
       26.24     0.999927      1651446     13653.33
       26.37     0.999933      1651451     14894.55
       26.62     0.999939      1651459     16384.00
       26.75     0.999942      1651464     17246.32
       26.88     0.999945      1651469     18204.44
       27.01     0.999948      1651475     19275.29
       27.14     0.999951      1651481     20480.00
       27.26     0.999954      1651484     21845.33
       27.52     0.999957      1651491     23405.71
       27.65     0.999960      1651498     25206.15
       27.77     0.999963      1651504     27306.67
       27.77     0.999966      1651504     29789.09
       28.16     0.999969      1651510     32768.00
       28.29     0.999971      1651512     34492.63
       28.41     0.999973      1651517     36408.89
       28.41     0.999974      1651517     38550.59
       28.67     0.999976      1651521     40960.00
       28.80     0.999977      1651523     43690.67
       28.93     0.999979      1651524     46811.43
       29.18     0.999980      1651527     50412.31
       29.44     0.999982      1651531     54613.33
       29.57     0.999983      1651532     59578.18
       29.70     0.999985      1651535     65536.00
       30.34     0.999986      1651536     68985.26
       30.46     0.999986      1651538     72817.78
       30.46     0.999987      1651538     77101.18
       30.59     0.999988      1651542     81920.00
       30.59     0.999989      1651542     87381.33
       30.59     0.999989      1651542     93622.86
       30.72     0.999990      1651543    100824.62
       30.85     0.999991      1651544    109226.67
       31.36     0.999992      1651546    119156.36
       31.49     0.999992      1651548    131072.00
       31.49     0.999993      1651548    137970.53
       31.49     0.999993      1651548    145635.56
       31.74     0.999994      1651549    154202.35
       31.74     0.999994      1651549    163840.00
       31.87     0.999994      1651550    174762.67
       32.00     0.999995      1651551    187245.71
       32.00     0.999995      1651551    201649.23
       32.13     0.999995      1651552    218453.33
       32.38     0.999996      1651555    238312.73
       32.38     0.999996      1651555    262144.00
       32.38     0.999996      1651555    275941.05
       32.38     0.999997      1651555    291271.11
       32.38     0.999997      1651555    308404.71
       32.38     0.999997      1651555    327680.00
       32.38     0.999997      1651555    349525.33
       32.38     0.999997      1651555    374491.43
       32.38     0.999998      1651555    403298.46
       33.53     0.999998      1651556    436906.67
       33.53     0.999998      1651556    476625.45
       33.53     0.999998      1651556    524288.00
       33.79     0.999998      1651557    551882.11
       33.79     0.999998      1651557    582542.22
       33.79     0.999998      1651557    616809.41
       33.79     0.999998      1651557    655360.00
       33.79     0.999999      1651557    699050.67
       33.79     0.999999      1651557    748982.86
       33.79     0.999999      1651557    806596.92
       34.81     0.999999      1651558    873813.33
       34.81     0.999999      1651558    953250.91
       34.81     0.999999      1651558   1048576.00
       34.81     0.999999      1651558   1103764.21
       34.81     0.999999      1651558   1165084.44
       34.81     0.999999      1651558   1233618.82
       34.81     0.999999      1651558   1310720.00
       34.81     0.999999      1651558   1398101.33
       34.81     0.999999      1651558   1497965.71
       34.81     0.999999      1651558   1613193.85
       35.84     0.999999      1651559   1747626.67
       35.84     1.000000      1651559          inf
#[Mean    =        3.348, StdDeviation   =        0.995]
#[Max     =       35.839, Total count    =      1651559]
#[Buckets =           10, SubBuckets     =          256]
