       Value   Percentile   TotalCount 1/(1-Percentile)

        0.34     0.000000            1         1.00
        2.61     0.050000        95474         1.05
        2.67     0.100000       200451         1.11
        2.70     0.150000       296773         1.18
        2.73     0.200000       432440         1.25
        2.75     0.250000       514299         1.33
        2.77     0.300000       603002         1.43
        2.78     0.350000       697662         1.54
        2.80     0.400000       795560         1.67
        2.81     0.450000       892795         1.82
        2.83     0.500000       987467         2.00
        2.83     0.525000       987467         2.11
        2.85     0.550000      1077395         2.22
        2.85     0.575000      1077395         2.35
        2.86     0.600000      1160309         2.50
        2.88     0.625000      1236639         2.67
        2.88     0.650000      1236639         2.86
        2.90     0.675000      1305702         3.08
        2.90     0.700000      1305702         3.33
        2.91     0.725000      1366533         3.64
        2.93     0.750000      1420980         4.00
        2.93     0.762500      1420980         4.21
        2.94     0.775000      1469347         4.44
        2.94     0.787500      1469347         4.71
        2.96     0.800000      1511563         5.00
        2.96     0.812500      1511563         5.33
        2.98     0.825000      1548605         5.71
        2.99     0.837500      1581045         6.15
        2.99     0.850000      1581045         6.67
        3.01     0.862500      1609441         7.27
        3.02     0.875000      1633974         8.00
        3.04     0.881250      1655682         8.42
        3.04     0.887500      1655682         8.89
        3.06     0.893750      1674456         9.41
        3.06     0.900000      1674456        10.00
        3.07     0.906250      1690557        10.67
        3.09     0.912500      1704438        11.43
        3.10     0.918750      1716082        12.31
        3.12     0.925000      1725746        13.33
        3.13     0.931250      1733683        14.55
        3.17     0.937500      1745709        16.00
        3.18     0.940625      1749998        16.84
        3.21     0.943750      1756159        17.78
        3.25     0.946875      1760115        18.82
        3.36     0.950000      1765849        20.00
        3.76     0.953125      1771400        21.33
        4.70     0.956250      1777215        22.86
        5.12     0.959375      1783355        24.62
        5.31     0.962500      1789963        26.67
        5.41     0.965625      1796655        29.09
        5.47     0.968750      1803121        32.00
        5.50     0.970313      1806988        33.68
        5.50     0.971875      1806988        35.56
        5.54     0.973437      1811221        37.65
        5.57     0.975000      1815510        40.00
        5.57     0.976562      1815510        42.67
        5.60     0.978125      1819750        45.71
        5.63     0.979688      1823624        49.23
        5.66     0.981250      1827129        53.33
        5.66     0.982812      1827129        58.18
        5.70     0.984375      1830124        64.00
        5.73     0.985156      1832638        67.37
        5.73     0.985938      1832638        71.11
        5.76     0.986719      1834764        75.29
        5.79     0.987500      1836557        80.00
        5.82     0.988281      1838104        85.33
        5.86     0.989062      1839372        91.43
        5.89     0.989844      1840508        98.46
        5.92     0.990625      1841556       106.67
        5.98     0.991406      1843345       116.36
        6.01     0.992188      1844155       128.00
        6.05     0.992578      1844825       134.74
        6.11     0.992969      1845818       142.22
        6.14     0.993359      1846213       150.59
        6.24     0.993750      1846943       160.00
        6.46     0.994141      1847636       170.67
        6.78     0.994531      1848373       182.86
        7.17     0.994922      1849113       196.92
        7.55     0.995313      1849804       213.33
        8.03     0.995703      1850565       232.73
        8.45     0.996094      1851309       256.00
        8.64     0.996289      1851659       269.47
        8.83     0.996484      1851999       284.44
        9.09     0.996680      1852433       301.18
        9.28     0.996875      1852747       320.00
        9.47     0.997070      1853068       341.33
        9.73     0.997266      1853493       365.71
        9.92     0.997461      1853796       393.85
       10.18     0.997656      1854159       426.67
       10.43     0.997852      1854555       465.45
       10.69     0.998047      1854914       512.00
       10.81     0.998145      1855082       538.95
       11.01     0.998242      1855302       568.89
       11.13     0.998340      1855460       602.35
       11.33     0.998437      1855622       640.00
       11.52     0.998535      1855794       682.67
       11.78     0.998633      1855996       731.43
       12.03     0.998730      1856172       787.69
       12.35     0.998828      1856373       853.33
       12.61     0.998926      1856516       930.91
       13.12     0.999023      1856703      1024.00
       13.38     0.999072      1856797      1077.89
       13.76     0.999121      1856895      1137.78
       14.34     0.999170      1856980      1204.71
       14.78     0.999219      1857063      1280.00
       15.23     0.999268      1857155      1365.33
       15.62     0.999316      1857250      1462.86
       15.94     0.999365      1857336      1575.38
       16.51     0.999414      1857430      1706.67
       17.02     0.999463      1857517      1861.82
       17.41     0.999512      1857615      2048.00
       17.66     0.999536      1857669      2155.79
       17.79     0.999561      1857696      2275.56
       18.05     0.999585      1857751      2409.41
       18.18     0.999609      1857787      2560.00
       18.43     0.999634      1857835      2730.67
       18.69     0.999658      1857923      2925.71
       18.69     0.999683      1857923      3150.77
       18.82     0.999707      1858054      3413.33
       18.82     0.999731      1858054      3723.64
       18.94     0.999756      1858133      4096.00
       18.94     0.999768      1858133      4311.58
       18.94     0.999780      1858133      4551.11
       18.94     0.999792      1858133      4818.82
       19.07     0.999805      1858178      5120.00
       19.07     0.999817      1858178      5461.33
       19.20     0.999829      1858199      5851.43
       19.58     0.999841      1858221      6301.54
       20.09     0.999854      1858245      6826.67
       20.61     0.999866      1858263      7447.27
       20.86     0.999878      1858285      8192.00
       21.12     0.999884      1858302      8623.16
       21.25     0.999890      1858311      9102.22
       21.38     0.999896      1858321      9637.65
       21.63     0.999902      1858335     10240.00
       21.76     0.999908      1858346     10922.67
       22.02     0.999915      1858358     11702.86
       22.14     0.999921      1858364     12603.08
       22.66     0.999927      1858376     13653.33
       22.78     0.999933      1858389     14894.55
       22.91     0.999939      1858409     16384.00
       22.91     0.999942      1858409     17246.32
       22.91     0.999945      1858409     18204.44
       23.04     0.999948      1858415     19275.29
       23.17     0.999951      1858422     20480.00
       23.30     0.999954      1858426     21845.33
       23.81     0.999957      1858434     23405.71
       23.93     0.999960      1858439     25206.15
       25.21     0.999963      1858443     27306.67
       25.60     0.999966      1858450     29789.09
       25.86     0.999969      1858455     32768.00
       26.11     0.999971      1858459     34492.63
       26.24     0.999973      1858462     36408.89
       26.37     0.999974      1858467     38550.59
       26.37     0.999976      1858467     40960.00
       26.50     0.999977      1858472     43690.67
       26.50     0.999979      1858472     46811.43
       26.75     0.999980      1858475     50412.31
       26.88     0.999982      1858478     54613.33
       27.01     0.999983      1858480     59578.18
       27.26     0.999985      1858483     65536.00
       27.39     0.999986      1858485     68985.26
       27.52     0.999986      1858488     72817.78
       27.52     0.999987      1858488     77101.18
       28.93     0.999988      1858491     81920.00
       28.93     0.999989      1858491     87381.33
       29.05     0.999989      1858494     93622.86
       29.05     0.999990      1858494    100824.62
       29.05     0.999991      1858494    109226.67
       29.57     0.999992      1858496    119156.36
       33.02     0.999992      1858497    131072.00
       33.53     0.999993      1858499    137970.53
       33.53     0.999993      1858499    145635.56
       33.53     0.999994      1858499    154202.35
       34.81     0.999994      1858504    163840.00
       34.81     0.999994      1858504    174762.67
       34.81     0.999995      1858504    187245.71
       34.81     0.999995      1858504    201649.23
       34.81     0.999995      1858504    218453.33
       34.81     0.999996      1858504    238312.73
       34.81     0.999996      1858504    262144.00
       35.07     0.999996      1858505    275941.05
       35.07     0.999997      1858505    291271.11
       35.07     0.999997      1858505    308404.71
       36.86     0.999997      1858506    327680.00
       36.86     0.999997      1858506    349525.33
       37.38     0.999997      1858508    374491.43
       37.38     0.999998      1858508    403298.46
       37.38     0.999998      1858508    436906.67
       37.38     0.999998      1858508    476625.45
       37.38     0.999998      1858508    524288.00
       37.38     0.999998      1858508    551882.11
       37.38     0.999998      1858508    582542.22
       37.38     0.999998      1858508    616809.41
       37.63     0.999998      1858509    655360.00
       37.63     0.999999      1858509    699050.67
       37.63     0.999999      1858509    748982.86
       37.63     0.999999      1858509    806596.92
       37.63     0.999999      1858509    873813.33
       37.89     0.999999      1858510    953250.91
       37.89     0.999999      1858510   1048576.00
       37.89     0.999999      1858510   1103764.21
       37.89     0.999999      1858510   1165084.44
       37.89     0.999999      1858510   1233618.82
       37.89     0.999999      1858510   1310720.00
       37.89     0.999999      1858510   1398101.33
       37.89     0.999999      1858510   1497965.71
       37.89     0.999999      1858510   1613193.85
       37.89     0.999999      1858510   1747626.67
       40.45     0.999999      1858511   1906501.82
       40.45     1.000000      1858511          inf
#[Mean    =        2.971, StdDeviation   =        0.849]
#[Max     =       40.447, Total count    =      1858511]
#[Buckets =           10, SubBuckets     =          256]
