       Value   Percentile   TotalCount 1/(1-Percentile)

        0.20     0.000000            1         1.00
        2.58     0.050000      1069028         1.05
        2.64     0.100000      2214849         1.11
        2.67     0.150000      3259543         1.18
        2.70     0.200000      4712419         1.25
        2.72     0.250000      5589933         1.33
        2.73     0.300000      6552775         1.43
        2.75     0.350000      7578245         1.54
        2.77     0.400000      8642651         1.67
        2.78     0.450000      9713259         1.82
        2.80     0.500000     10768345         2.00
        2.80     0.525000     10768345         2.11
        2.81     0.550000     11773943         2.22
        2.81     0.575000     11773943         2.35
        2.83     0.600000     12712714         2.50
        2.85     0.625000     13572346         2.67
        2.85     0.650000     13572346         2.86
        2.86     0.675000     14349704         3.08
        2.86     0.700000     14349704         3.33
        2.88     0.725000     15044206         3.64
        2.90     0.750000     15656947         4.00
        2.90     0.762500     15656947         4.21
        2.91     0.775000     16197066         4.44
        2.91     0.787500     16197066         4.71
        2.93     0.800000     16671676         5.00
        2.93     0.812500     16671676         5.33
        2.94     0.825000     17087162         5.71
        2.96     0.837500     17449016         6.15
        2.96     0.850000     17449016         6.67
        2.98     0.862500     17764803         7.27
        2.99     0.875000     18040144         8.00
        2.99     0.881250     18040144         8.42
        3.01     0.887500     18279032         8.89
        3.01     0.893750     18279032         9.41
        3.02     0.900000     18483458        10.00
        3.04     0.906250     18658775        10.67
        3.04     0.912500     18658775        11.43
        3.06     0.918750     18807779        12.31
        3.07     0.925000     18932300        13.33
        3.09     0.931250     19036395        14.55
        3.12     0.937500     19193143        16.00
        3.13     0.940625     19250342        16.84
        3.15     0.943750     19296653        17.78
        3.18     0.946875     19362672        18.82
        3.23     0.950000     19419049        20.00
        3.46     0.953125     19484315        21.33
        4.51     0.956250     19546865        22.86
        5.05     0.959375     19617430        24.62
        5.25     0.962500     19681747        26.67
        5.34     0.965625     19740628        29.09
        5.41     0.968750     19801940        32.00
        5.44     0.970313     19840173        33.68
        5.47     0.971875     19882324        35.56
        5.50     0.973437     19927621        37.65
        5.54     0.975000     19974498        40.00
        5.54     0.976562     19974498        42.67
        5.57     0.978125     20020421        45.71
        5.60     0.979688     20063357        49.23
        5.60     0.981250     20063357        53.33
        5.63     0.982812     20101977        58.18
        5.66     0.984375     20135385        64.00
        5.70     0.985156     20163791        67.37
        5.70     0.985938     20163791        71.11
        5.73     0.986719     20187479        75.29
        5.73     0.987500     20187479        80.00
        5.76     0.988281     20207187        85.33
        5.79     0.989062     20224221        91.43
        5.82     0.989844     20238722        98.46
        5.86     0.990625     20251613       106.67
        5.92     0.991406     20273700       116.36
        5.95     0.992188     20282949       128.00
        5.98     0.992578     20291315       134.74
        6.01     0.992969     20298694       142.22
        6.05     0.993359     20304867       150.59
        6.11     0.993750     20314012       160.00
        6.21     0.994141     20321862       170.67
        6.43     0.994531     20329461       182.86
        6.75     0.994922     20336878       196.92
        7.13     0.995313     20345060       213.33
        7.55     0.995703     20352684       232.73
        8.03     0.996094     20360801       256.00
        8.26     0.996289     20364736       269.47
        8.51     0.996484     20369187       284.44
        8.70     0.996680     20372740       301.18
        8.96     0.996875     20377481       320.00
        9.15     0.997070     20381094       341.33
        9.41     0.997266     20385482       365.71
        9.60     0.997461     20388647       393.85
        9.86     0.997656     20392884       426.67
       10.11     0.997852     20396843       465.45
       10.37     0.998047     20400856       512.00
       10.49     0.998145     20402699       538.95
       10.69     0.998242     20405388       568.89
       10.81     0.998340     20407140       602.35
       10.94     0.998437     20408827       640.00
       11.13     0.998535     20411003       682.67
       11.33     0.998633     20412895       731.43
       11.52     0.998730     20414624       787.69
       11.78     0.998828     20416667       853.33
       12.10     0.998926     20418771       930.91
       12.41     0.999023     20420548      1024.00
       12.67     0.999072     20421590      1077.89
       12.99     0.999121     20422544      1137.78
       13.38     0.999170     20423594      1204.71
       14.02     0.999219     20424590      1280.00
       14.59     0.999268     20425662      1365.33
       15.10     0.999316     20426615      1462.86
       15.55     0.999365     20427579      1575.38
       16.00     0.999414     20428587      1706.67
       16.64     0.999463     20429531      1861.82
       17.28     0.999512     20430740      2048.00
       17.54     0.999536     20431101      2155.79
       17.79     0.999561     20431669      2275.56
       18.05     0.999585     20432101      2409.41
       18.30     0.999609     20432578      2560.00
       18.56     0.999634     20433037      2730.67
       18.69     0.999658     20434013      2925.71
       18.69     0.999683     20434013      3150.77
       18.82     0.999707     20435748      3413.33
       18.82     0.999731     20435748      3723.64
       18.82     0.999756     20435748      4096.00
       18.94     0.999768     20436673      4311.58
       18.94     0.999780     20436673      4551.11
       18.94     0.999792     20436673      4818.82
       18.94     0.999805     20436673      5120.00
       19.07     0.999817     20437114      5461.33
       19.07     0.999829     20437114      5851.43
       19.20     0.999841     20437297      6301.54
       19.71     0.999854     20437515      6826.67
       20.09     0.999866     20437826      7447.27
       20.73     0.999878     20438043      8192.00
       20.86     0.999884     20438173      8623.16
       21.12     0.999890     20438296      9102.22
       21.25     0.999896     20438386      9637.65
       21.50     0.999902     20438603     10240.00
       21.63     0.999908     20438690     10922.67
       21.76     0.999915     20438766     11702.86
       22.02     0.999921     20438878     12603.08
       22.53     0.999927     20439020     13653.33
       22.78     0.999933     20439306     14894.55
       22.78     0.999939     20439306     16384.00
       22.91     0.999942     20439464     17246.32
       22.91     0.999945     20439464     18204.44
       22.91     0.999948     20439464     19275.29
       23.04     0.999951     20439553     20480.00
       23.17     0.999954     20439620     21845.33
       23.30     0.999957     20439673     23405.71
       23.42     0.999960     20439705     25206.15
       23.81     0.999963     20439759     27306.67
       24.57     0.999966     20439820     29789.09
       25.60     0.999969     20439876     32768.00
       25.73     0.999971     20439918     34492.63
       25.86     0.999973     20439948     36408.89
       26.11     0.999974     20439975     38550.59
       26.24     0.999976     20440020     40960.00
       26.37     0.999977     20440042     43690.67
       26.50     0.999979     20440067     46811.43
       26.62     0.999980     20440108     50412.31
       26.75     0.999982     20440133     54613.33
       26.88     0.999983     20440164     59578.18
       27.01     0.999985     20440200     65536.00
       27.14     0.999986     20440217     68985.26
       27.26     0.999986     20440254     72817.78
       27.26     0.999987     20440254     77101.18
       27.26     0.999988     20440254     81920.00
       27.52     0.999989     20440274     87381.33
       28.03     0.999989     20440281     93622.86
       28.93     0.999990     20440326    100824.62
       28.93     0.999991     20440326    109226.67
       29.05     0.999992     20440345    119156.36
       29.05     0.999992     20440345    131072.00
       29.31     0.999993     20440351    137970.53
       29.95     0.999993     20440360    145635.56
       31.87     0.999994     20440369    154202.35
       33.02     0.999994     20440385    163840.00
       33.02     0.999994     20440385    174762.67
       33.53     0.999995     20440409    187245.71
       33.53     0.999995     20440409    201649.23
       33.53     0.999995     20440409    218453.33
       34.81     0.999996     20440446    238312.73
       34.81     0.999996     20440446    262144.00
       34.81     0.999996     20440446    275941.05
       34.81     0.999997     20440446    291271.11
       34.81     0.999997     20440446    308404.71
       34.81     0.999997     20440446    327680.00
       34.81     0.999997     20440446    349525.33
       34.81     0.999997     20440446    374491.43
       35.07     0.999998     20440454    403298.46
       35.07     0.999998     20440454    436906.67
       36.86     0.999998     20440466    476625.45
       36.86     0.999998     20440466    524288.00
       36.86     0.999998     20440466    551882.11
       36.86     0.999998     20440466    582542.22
       36.86     0.999998     20440466    616809.41
       37.12     0.999998     20440470    655360.00
       37.12     0.999999     20440470    699050.67
       37.38     0.999999     20440484    748982.86
       37.38     0.999999     20440484    806596.92
       37.38     0.999999     20440484    873813.33
       37.38     0.999999     20440484    953250.91
       37.38     0.999999     20440484   1048576.00
       37.38     0.999999     20440484   1103764.21
       37.38     0.999999     20440484   1165084.44
       37.38     0.999999     20440484   1233618.82
       37.38     0.999999     20440484   1310720.00
       37.63     0.999999     20440494   1398101.33
       37.63     0.999999     20440494   1497965.71
       37.63     0.999999     20440494   1613193.85
       37.63     0.999999     20440494   1747626.67
       37.63     0.999999     20440494   1906501.82
       37.63     1.000000     20440494   2097152.00
       37.63     1.000000     20440494   2207528.42
       37.63     1.000000     20440494   2330168.89
       37.63     1.000000     20440494   2467237.65
       37.63     1.000000     20440494   2621440.00
       37.63     1.000000     20440494   2796202.67
       37.63     1.000000     20440494   2995931.43
       37.63     1.000000     20440494   3226387.69
       37.63     1.000000     20440494   3495253.33
       37.63     1.000000     20440494   3813003.64
       37.89     1.000000     20440495   4194304.00
       37.89     1.000000     20440495   4415056.84
       37.89     1.000000     20440495   4660337.78
       37.89     1.000000     20440495   4934475.29
       39.94     1.000000     20440496   5242880.00
       39.94     1.000000     20440496   5592405.33
       39.94     1.000000     20440496   5991862.86
       39.94     1.000000     20440496   6452775.39
       40.19     1.000000     20440497   6990506.67
       40.19     1.000000     20440497   7626007.28
       40.19     1.000000     20440497   8388608.00
       40.19     1.000000     20440497   8830113.68
       40.19     1.000000     20440497   9320675.55
       40.19     1.000000     20440497   9868950.59
       40.45     1.000000     20440498  10485760.00
       40.45     1.000000     20440498  11184810.67
       40.45     1.000000     20440498  11983725.71
       40.45     1.000000     20440498  12905550.76
       40.45     1.000000     20440498  13981013.34
       40.45     1.000000     20440498  15252014.55
       40.45     1.000000     20440498  16777216.00
       40.45     1.000000     20440498  17660227.38
       40.45     1.000000     20440498  18641351.10
       40.45     1.000000     20440498  19737901.19
       42.24     1.000000     20440499  20971519.98
       42.24     1.000000     20440499          inf
#[Mean    =        2.934, StdDeviation   =        0.828]
#[Max     =       42.239, Total count    =     20440499]
#[Buckets =           10, SubBuckets     =          256]
