       Value   Percentile   TotalCount 1/(1-Percentile)

        0.29     0.000000            1         1.00
        3.97     0.050000       631987         1.05
        4.05     0.100000      1238139         1.11
        4.09     0.150000      1849230         1.18
        4.16     0.200000      2994524         1.25
        4.19     0.250000      3691676         1.33
        4.19     0.300000      3691676         1.43
        4.22     0.350000      4450515         1.54
        4.25     0.400000      5246530         1.67
        4.29     0.450000      6050945         1.82
        4.32     0.500000      6841964         2.00
        4.32     0.525000      6841964         2.11
        4.32     0.550000      6841964         2.22
        4.35     0.575000      7591448         2.35
        4.35     0.600000      7591448         2.50
        4.38     0.625000      8285424         2.67
        4.38     0.650000      8285424         2.86
        4.38     0.675000      8285424         3.08
        4.42     0.700000      8911707         3.33
        4.42     0.725000      8911707         3.64
        4.45     0.750000      9463081         4.00
        4.45     0.762500      9463081         4.21
        4.48     0.775000      9934149         4.44
        4.48     0.787500      9934149         4.71
        4.48     0.800000      9934149         5.00
        4.51     0.812500     10331074         5.33
        4.51     0.825000     10331074         5.71
        4.51     0.837500     10331074         6.15
        4.54     0.850000     10657615         6.67
        4.54     0.862500     10657615         7.27
        4.58     0.875000     10921628         8.00
        4.58     0.881250     10921628         8.42
        4.58     0.887500     10921628         8.89
        4.61     0.893750     11129663         9.41
        4.61     0.900000     11129663        10.00
        4.61     0.906250     11129663        10.67
        4.64     0.912500     11291713        11.43
        4.64     0.918750     11291713        12.31
        4.67     0.925000     11414272        13.33
        4.67     0.931250     11414272        14.55
        4.70     0.937500     11506590        16.00
        4.74     0.940625     11575145        16.84
        4.74     0.943750     11575145        17.78
        4.77     0.946875     11625351        18.82
        4.80     0.950000     11662059        20.00
        4.83     0.953125     11688081        21.33
        4.86     0.956250     11707013        22.86
        4.99     0.959375     11745000        24.62
        5.50     0.962500     11782386        26.67
        6.72     0.965625     11820762        29.09
        7.78     0.968750     11859029        32.00
        8.00     0.970313     11879829        33.68
        8.13     0.971875     11898981        35.56
        8.26     0.973437     11927549        37.65
        8.32     0.975000     11945986        40.00
        8.38     0.976562     11967233        42.67
        8.45     0.978125     11990846        45.71
        8.51     0.979688     12015627        49.23
        8.51     0.981250     12015627        53.33
        8.57     0.982812     12040518        58.18
        8.64     0.984375     12064279        64.00
        8.64     0.985156     12064279        67.37
        8.70     0.985938     12086363        71.11
        8.70     0.986719     12086363        75.29
        8.77     0.987500     12105997        80.00
        8.77     0.988281     12105997        85.33
        8.83     0.989062     12123033        91.43
        8.83     0.989844     12123033        98.46
        8.89     0.990625     12137418       106.67
        8.89     0.991406     12137418       116.36
        8.96     0.992188     12148709       128.00
        9.02     0.992578     12157361       134.74
        9.02     0.992969     12157361       142.22
        9.09     0.993359     12164160       150.59
        9.15     0.993750     12169121       160.00
        9.21     0.994141     12172854       170.67
        9.28     0.994531     12175592       182.86
        9.41     0.994922     12179461       196.92
        9.66     0.995313     12184459       213.33
        9.92     0.995703     12188873       232.73
       10.24     0.996094     12193666       256.00
       10.43     0.996289     12196342       269.47
       10.62     0.996484     12198754       284.44
       10.81     0.996680     12201344       301.18
       11.01     0.996875     12203666       320.00
       11.13     0.997070     12205288       341.33
       11.39     0.997266     12208318       365.71
       11.58     0.997461     12210549       393.85
       11.78     0.997656     12212739       426.67
       12.03     0.997852     12215464       465.45
       12.22     0.998047     12217516       512.00
       12.35     0.998145     12218755       538.95
       12.48     0.998242     12219901       568.89
       12.61     0.998340     12220892       602.35
       12.86     0.998437     12222361       640.00
       13.05     0.998535     12223411       682.67
       13.31     0.998633     12224461       731.43
       13.70     0.998730     12225725       787.69
       14.08     0.998828     12226846       853.33
       14.53     0.998926     12228013       930.91
       15.10     0.999023     12229295      1024.00
       15.36     0.999072     12229825      1077.89
       15.62     0.999121     12230389      1137.78
       15.94     0.999170     12231088      1204.71
       16.25     0.999219     12231650      1280.00
       16.64     0.999268     12232350      1365.33
       16.89     0.999316     12232850      1462.86
       17.28     0.999365     12233477      1575.38
       17.66     0.999414     12234152      1706.67
       17.92     0.999463     12234577      1861.82
       18.43     0.999512     12235233      2048.00
       18.69     0.999536     12235554      2155.79
       18.94     0.999561     12235830      2275.56
       19.33     0.999585     12236190      2409.41
       19.45     0.999609     12236372      2560.00
       19.84     0.999634     12236719      2730.67
       20.22     0.999658     12237018      2925.71
       20.61     0.999683     12237291      3150.77
       21.12     0.999707     12237643      3413.33
       21.63     0.999731     12237877      3723.64
       22.14     0.999756     12238218      4096.00
       22.40     0.999768     12238355      4311.58
       22.53     0.999780     12238489      4551.11
       22.78     0.999792     12238664      4818.82
       23.04     0.999805     12238780      5120.00
       23.30     0.999817     12238915      5461.33
       23.68     0.999829     12239068      5851.43
       23.93     0.999841     12239257      6301.54
       24.19     0.999854     12239428      6826.67
       24.45     0.999866     12239552      7447.27
       24.83     0.999878     12239677      8192.00
       25.09     0.999884     12239778      8623.16
       25.21     0.999890     12239840      9102.22
       25.34     0.999896     12239900      9637.65
       25.47     0.999902     12239967     10240.00
       25.60     0.999908     12240020     10922.67
       25.86     0.999915     12240112     11702.86
       26.11     0.999921     12240181     12603.08
       26.37     0.999927     12240252     13653.33
       26.75     0.999933     12240345     14894.55
       27.01     0.999939     12240400     16384.00
       27.26     0.999942     12240456     17246.32
       27.39     0.999945     12240486     18204.44
       27.52     0.999948     12240513     19275.29
       27.77     0.999951     12240558     20480.00
       28.03     0.999954     12240600     21845.33
       28.16     0.999957     12240621     23405.71
       28.41     0.999960     12240669     25206.15
       28.54     0.999963     12240697     27306.67
       28.80     0.999966     12240739     29789.09
       29.18     0.999969     12240780     32768.00
       29.31     0.999971     12240797     34492.63
       29.44     0.999973     12240807     36408.89
       29.70     0.999974     12240833     38550.59
       29.82     0.999976     12240850     40960.00
       29.95     0.999977     12240869     43690.67
       30.08     0.999979     12240879     46811.43
       30.46     0.999980     12240905     50412.31
       30.72     0.999982     12240937     54613.33
       30.72     0.999983     12240937     59578.18
       30.98     0.999985     12240958     65536.00
       31.10     0.999986     12240967     68985.26
       31.23     0.999986     12240973     72817.78
       31.61     0.999987     12240985     77101.18
       31.87     0.999988     12240998     81920.00
       32.00     0.999989     12241003     87381.33
       32.26     0.999989     12241010     93622.86
       32.64     0.999990     12241023    100824.62
       32.77     0.999991     12241031    109226.67
       33.02     0.999992     12241040    119156.36
       33.53     0.999992     12241049    131072.00
       33.79     0.999993     12241058    137970.53
       33.79     0.999993     12241058    145635.56
       34.05     0.999994     12241061    154202.35
       34.30     0.999994     12241067    163840.00
       34.56     0.999994     12241073    174762.67
       34.81     0.999995     12241078    187245.71
       35.07     0.999995     12241083    201649.23
       35.07     0.999995     12241083    218453.33
       35.58     0.999996     12241097    238312.73
       35.58     0.999996     12241097    262144.00
       35.58     0.999996     12241097    275941.05
       35.58     0.999997     12241097    291271.11
       35.84     0.999997     12241100    308404.71
       36.09     0.999997     12241104    327680.00
       36.09     0.999997     12241104    349525.33
       36.61     0.999997     12241108    374491.43
       36.86     0.999998     12241114    403298.46
       36.86     0.999998     12241114    436906.67
       36.86     0.999998     12241114    476625.45
       37.38     0.999998     12241116    524288.00
       37.63     0.999998     12241118    551882.11
       37.63     0.999998     12241118    582542.22
       37.89     0.999998     12241122    616809.41
       37.89     0.999998     12241122    655360.00
       37.89     0.999999     12241122    699050.67
       38.14     0.999999     12241126    748982.86
       38.14     0.999999     12241126    806596.92
       38.14     0.999999     12241126    873813.33
       38.40     0.999999     12241128    953250.91
       38.40     0.999999     12241128   1048576.00
       38.40     0.999999     12241128   1103764.21
       38.66     0.999999     12241129   1165084.44
       38.91     0.999999     12241132   1233618.82
       38.91     0.999999     12241132   1310720.00
       38.91     0.999999     12241132   1398101.33
       38.91     0.999999     12241132   1497965.71
       38.91     0.999999     12241132   1613193.85
       38.91     0.999999     12241132   1747626.67
       39.17     0.999999     12241134   1906501.82
       39.17     1.000000     12241134   2097152.00
       39.17     1.000000     12241134   2207528.42
       39.17     1.000000     12241134   2330168.89
       39.42     1.000000     12241135   2467237.65
       39.42     1.000000     12241135   2621440.00
       39.42     1.000000     12241135   2796202.67
       39.42     1.000000     12241135   2995931.43
       39.68     1.000000     12241137   3226387.69
       39.68     1.000000     12241137   3495253.33
       39.68     1.000000     12241137   3813003.64
       39.68     1.000000     12241137   4194304.00
       39.68     1.000000     12241137   4415056.84
       39.68     1.000000     12241137   4660337.78
       39.68     1.000000     12241137   4934475.29
       39.68     1.000000     12241137   5242880.00
       39.68     1.000000     12241137   5592405.33
       39.68     1.000000     12241137   5991862.86
       39.94     1.000000     12241138   6452775.39
       39.94     1.000000     12241138   6990506.67
       39.94     1.000000     12241138   7626007.28
       39.94     1.000000     12241138   8388608.00
       39.94     1.000000     12241138   8830113.68
       39.94     1.000000     12241138   9320675.55
       39.94     1.000000     12241138   9868950.59
       39.94     1.000000     12241138  10485760.00
       39.94     1.000000     12241138  11184810.67
       39.94     1.000000     12241138  11983725.71
       42.75     1.000000     12241139  12905550.76
       42.75     1.000000     12241139          inf
#[Mean    =        4.446, StdDeviation   =        1.002]
#[Max     =       42.751, Total count    =     12241139]
#[Buckets =           10, SubBuckets     =          256]
