       Value   Percentile   TotalCount 1/(1-Percentile)

        0.20     0.000000            1         1.00
        2.58     0.050000       999376         1.05
        2.64     0.100000      2078641         1.11
        2.67     0.150000      3059092         1.18
        2.70     0.200000      4415646         1.25
        2.72     0.250000      5230173         1.33
        2.73     0.300000      6120335         1.43
        2.75     0.350000      7063946         1.54
        2.77     0.400000      8039649         1.67
        2.78     0.450000      9015597         1.82
        2.80     0.500000      9972785         2.00
        2.80     0.525000      9972785         2.11
        2.81     0.550000     10881148         2.22
        2.81     0.575000     10881148         2.35
        2.83     0.600000     11725247         2.50
        2.83     0.625000     11725247         2.67
        2.85     0.650000     12494951         2.86
        2.86     0.675000     13189395         3.08
        2.86     0.700000     13189395         3.33
        2.88     0.725000     13807567         3.64
        2.90     0.750000     14351245         4.00
        2.90     0.762500     14351245         4.21
        2.91     0.775000     14830533         4.44
        2.91     0.787500     14830533         4.71
        2.93     0.800000     15250696         5.00
        2.93     0.812500     15250696         5.33
        2.94     0.825000     15617815         5.71
        2.94     0.837500     15617815         6.15
        2.96     0.850000     15937453         6.67
        2.98     0.862500     16216198         7.27
        2.99     0.875000     16459099         8.00
        2.99     0.881250     16459099         8.42
        3.01     0.887500     16669591         8.89
        3.01     0.893750     16669591         9.41
        3.02     0.900000     16849484        10.00
        3.02     0.906250     16849484        10.67
        3.04     0.912500     17003093        11.43
        3.06     0.918750     17133323        12.31
        3.07     0.925000     17241743        13.33
        3.09     0.931250     17331957        14.55
        3.12     0.937500     17467397        16.00
        3.13     0.940625     17516659        16.84
        3.15     0.943750     17556344        17.78
        3.18     0.946875     17612674        18.82
        3.23     0.950000     17660686        20.00
        3.42     0.953125     17712855        21.33
        4.48     0.956250     17769325        22.86
        5.02     0.959375     17828442        24.62
        5.25     0.962500     17894542        26.67
        5.34     0.965625     17948829        29.09
        5.41     0.968750     18005285        32.00
        5.44     0.970313     18040455        33.68
        5.47     0.971875     18079203        35.56
        5.50     0.973437     18120633        37.65
        5.50     0.975000     18120633        40.00
        5.54     0.976562     18163277        42.67
        5.57     0.978125     18204911        45.71
        5.57     0.979688     18204911        49.23
        5.60     0.981250     18243607        53.33
        5.63     0.982812     18278353        58.18
        5.66     0.984375     18308256        64.00
        5.66     0.985156     18308256        67.37
        5.70     0.985938     18333667        71.11
        5.73     0.986719     18354841        75.29
        5.73     0.987500     18354841        80.00
        5.76     0.988281     18372423        85.33
        5.79     0.989062     18387664        91.43
        5.82     0.989844     18400618        98.46
        5.86     0.990625     18412241       106.67
        5.89     0.991406     18422815       116.36
        5.95     0.992188     18440434       128.00
        5.98     0.992578     18447970       134.74
        6.01     0.992969     18454539       142.22
        6.05     0.993359     18460042       150.59
        6.11     0.993750     18468194       160.00
        6.17     0.994141     18473324       170.67
        6.37     0.994531     18480441       182.86
        6.72     0.994922     18487832       196.92
        7.10     0.995313     18495416       213.33
        7.52     0.995703     18502392       232.73
        8.00     0.996094     18509766       256.00
        8.26     0.996289     18513759       269.47
        8.45     0.996484     18516794       284.44
        8.70     0.996680     18520957       301.18
        8.89     0.996875     18524212       320.00
        9.15     0.997070     18528541       341.33
        9.34     0.997266     18531507       365.71
        9.60     0.997461     18535362       393.85
        9.86     0.997656     18539192       426.67
       10.11     0.997852     18542781       465.45
       10.37     0.998047     18546387       512.00
       10.49     0.998145     18548048       538.95
       10.62     0.998242     18549619       568.89
       10.75     0.998340     18551262       602.35
       10.94     0.998437     18553593       640.00
       11.07     0.998535     18554936       682.67
       11.26     0.998633     18556713       731.43
       11.52     0.998730     18558830       787.69
       11.71     0.998828     18560249       853.33
       12.03     0.998926     18562219       930.91
       12.35     0.999023     18563857      1024.00
       12.61     0.999072     18564856      1077.89
       12.93     0.999121     18565732      1137.78
       13.31     0.999170     18566637      1204.71
       13.89     0.999219     18567510      1280.00
       14.46     0.999268     18568397      1365.33
       15.04     0.999316     18569375      1462.86
       15.49     0.999365     18570241      1575.38
       15.94     0.999414     18571148      1706.67
       16.64     0.999463     18572078      1861.82
       17.28     0.999512     18573150      2048.00
       17.54     0.999536     18573464      2155.79
       17.79     0.999561     18573973      2275.56
       18.05     0.999585     18574350      2409.41
       18.30     0.999609     18574774      2560.00
       18.69     0.999634     18576090      2730.67
       18.69     0.999658     18576090      2925.71
       18.82     0.999683     18577694      3150.77
       18.82     0.999707     18577694      3413.33
       18.82     0.999731     18577694      3723.64
       18.82     0.999756     18577694      4096.00
       18.82     0.999768     18577694      4311.58
       18.94     0.999780     18578540      4551.11
       18.94     0.999792     18578540      4818.82
       18.94     0.999805     18578540      5120.00
       19.07     0.999817     18578936      5461.33
       19.07     0.999829     18578936      5851.43
       19.20     0.999841     18579098      6301.54
       19.71     0.999854     18579291      6826.67
       20.09     0.999866     18579581      7447.27
       20.61     0.999878     18579740      8192.00
       20.86     0.999884     18579888      8623.16
       20.99     0.999890     18579949      9102.22
       21.25     0.999896     18580075      9637.65
       21.38     0.999902     18580177     10240.00
       21.63     0.999908     18580355     10922.67
       21.76     0.999915     18580420     11702.86
       22.02     0.999921     18580520     12603.08
       22.53     0.999927     18580646     13653.33
       22.78     0.999933     18580917     14894.55
       22.78     0.999939     18580917     16384.00
       22.78     0.999942     18580917     17246.32
       22.91     0.999945     18581055     18204.44
       22.91     0.999948     18581055     19275.29
       23.04     0.999951     18581138     20480.00
       23.04     0.999954     18581138     21845.33
       23.17     0.999957     18581198     23405.71
       23.42     0.999960     18581275     25206.15
       23.81     0.999963     18581325     27306.67
       24.32     0.999966     18581367     29789.09
       25.60     0.999969     18581426     32768.00
       25.73     0.999971     18581466     34492.63
       25.86     0.999973     18581493     36408.89
       26.11     0.999974     18581516     38550.59
       26.24     0.999976     18581558     40960.00
       26.37     0.999977     18581575     43690.67
       26.50     0.999979     18581595     46811.43
       26.62     0.999980     18581636     50412.31
       26.75     0.999982     18581658     54613.33
       26.88     0.999983     18581686     59578.18
       27.01     0.999985     18581720     65536.00
       27.01     0.999986     18581720     68985.26
       27.14     0.999986     18581736     72817.78
       27.26     0.999987     18581771     77101.18
       27.26     0.999988     18581771     81920.00
       27.39     0.999989     18581777     87381.33
       27.65     0.999989     18581791     93622.86
       28.80     0.999990     18581804    100824.62
       28.93     0.999991     18581835    109226.67
       28.93     0.999992     18581835    119156.36
       29.05     0.999992     18581851    131072.00
       29.31     0.999993     18581856    137970.53
       29.82     0.999993     18581862    145635.56
       30.34     0.999994     18581868    154202.35
       33.02     0.999994     18581888    163840.00
       33.02     0.999994     18581888    174762.67
       33.53     0.999995     18581910    187245.71
       33.53     0.999995     18581910    201649.23
       33.53     0.999995     18581910    218453.33
       34.81     0.999996     18581942    238312.73
       34.81     0.999996     18581942    262144.00
       34.81     0.999996     18581942    275941.05
       34.81     0.999997     18581942    291271.11
       34.81     0.999997     18581942    308404.71
       34.81     0.999997     18581942    327680.00
       34.81     0.999997     18581942    349525.33
       34.81     0.999997     18581942    374491.43
       34.81     0.999998     18581942    403298.46
       35.07     0.999998     18581949    436906.67
       35.84     0.999998     18581950    476625.45
       36.86     0.999998     18581960    524288.00
       36.86     0.999998     18581960    551882.11
       36.86     0.999998     18581960    582542.22
       36.86     0.999998     18581960    616809.41
       36.86     0.999998     18581960    655360.00
       37.12     0.999999     18581964    699050.67
       37.12     0.999999     18581964    748982.86
       37.38     0.999999     18581976    806596.92
       37.38     0.999999     18581976    873813.33
       37.38     0.999999     18581976    953250.91
       37.38     0.999999     18581976   1048576.00
       37.38     0.999999     18581976   1103764.21
       37.38     0.999999     18581976   1165084.44
       37.38     0.999999     18581976   1233618.82
       37.38     0.999999     18581976   1310720.00
       37.38     0.999999     18581976   1398101.33
       37.38     0.999999     18581976   1497965.71
       37.63     0.999999     18581985   1613193.85
       37.63     0.999999     18581985   1747626.67
       37.63     0.999999     18581985   1906501.82
       37.63     1.000000     18581985   2097152.00
       37.63     1.000000     18581985   2207528.42
       37.63     1.000000     18581985   2330168.89
       37.63     1.000000     18581985   2467237.65
       37.63     1.000000     18581985   2621440.00
       37.63     1.000000     18581985   2796202.67
       37.63     1.000000     18581985   2995931.43
       37.63     1.000000     18581985   3226387.69
       37.63     1.000000     18581985   3495253.33
       37.63     1.000000     18581985   3813003.64
       37.63     1.000000     18581985   4194304.00
       37.63     1.000000     18581985   4415056.84
       37.63     1.000000     18581985   4660337.78
       37.63     1.000000     18581985   4934475.29
       37.63     1.000000     18581985   5242880.00
       37.63     1.000000     18581985   5592405.33
       37.63     1.000000     18581985   5991862.86
       39.94     1.000000     18581986   6452775.39
       39.94     1.000000     18581986   6990506.67
       39.94     1.000000     18581986   7626007.28
       39.94     1.000000     18581986   8388608.00
       39.94     1.000000     18581986   8830113.68
       40.19     1.000000     18581987   9320675.55
       40.19     1.000000     18581987   9868950.59
       40.19     1.000000     18581987  10485760.00
       40.19     1.000000     18581987  11184810.67
       40.19     1.000000     18581987  11983725.71
       40.19     1.000000     18581987  12905550.76
       40.19     1.000000     18581987  13981013.34
       40.19     1.000000     18581987  15252014.55
       40.19     1.000000     18581987  16777216.00
       40.19     1.000000     18581987  17660227.38
       42.24     1.000000     18581988  18641351.10
       42.24     1.000000     18581988          inf
#[Mean    =        2.930, StdDeviation   =        0.825]
#[Max     =       42.239, Total count    =     18581988]
#[Buckets =           10, SubBuckets     =          256]
