       Value   Percentile   TotalCount 1/(1-Percentile)

        0.14     0.000000            1         1.00
        6.97     0.050000       397045         1.05
        7.13     0.100000       884000         1.11
        7.20     0.150000      1196593         1.18
        7.26     0.200000      1629318         1.25
        7.33     0.250000      2091042         1.33
        7.36     0.300000      2369275         1.43
        7.42     0.350000      2956233         1.54
        7.46     0.400000      3235662         1.67
        7.52     0.450000      3853690         1.82
        7.55     0.500000      4161842         2.00
        7.55     0.525000      4161842         2.11
        7.58     0.550000      4444505         2.22
        7.62     0.575000      4719574         2.35
        7.65     0.600000      5004678         2.50
        7.65     0.625000      5004678         2.67
        7.68     0.650000      5282373         2.86
        7.71     0.675000      5532405         3.08
        7.71     0.700000      5532405         3.33
        7.74     0.725000      5757411         3.64
        7.78     0.750000      5974350         4.00
        7.81     0.762500      6184779         4.21
        7.81     0.775000      6184779         4.44
        7.84     0.787500      6373574         4.71
        7.84     0.800000      6373574         5.00
        7.87     0.812500      6536243         5.33
        7.87     0.825000      6536243         5.71
        7.90     0.837500      6682061         6.15
        7.93     0.850000      6818768         6.67
        7.93     0.862500      6818768         7.27
        7.97     0.875000      6942242         8.00
        7.97     0.881250      6942242         8.42
        8.00     0.887500      7045869         8.89
        8.00     0.893750      7045869         9.41
        8.03     0.900000      7135912        10.00
        8.06     0.906250      7217423        10.67
        8.06     0.912500      7217423        11.43
        8.10     0.918750      7289430        12.31
        8.10     0.925000      7289430        13.33
        8.13     0.931250      7349996        14.55
        8.16     0.937500      7400795        16.00
        8.19     0.940625      7443881        16.84
        8.19     0.943750      7443881        17.78
        8.26     0.946875      7514189        18.82
        8.26     0.950000      7514189        20.00
        8.26     0.953125      7514189        21.33
        8.32     0.956250      7563754        22.86
        8.32     0.959375      7563754        24.62
        8.38     0.962500      7599570        26.67
        8.45     0.965625      7624876        29.09
        8.51     0.968750      7643344        32.00
        8.51     0.970313      7643344        33.68
        8.57     0.971875      7657038        35.56
        8.70     0.973437      7674995        37.65
        8.77     0.975000      7681188        40.00
        8.96     0.976562      7694826        42.67
        9.15     0.978125      7704629        45.71
        9.54     0.979688      7718759        49.23
        9.92     0.981250      7730127        53.33
       10.37     0.982812      7741854        58.18
       10.88     0.984375      7753806        64.00
       11.20     0.985156      7760864        67.37
       11.46     0.985938      7766220        71.11
       11.78     0.986719      7772813        75.29
       12.10     0.987500      7778806        80.00
       12.41     0.988281      7785060        85.33
       12.73     0.989062      7790987        91.43
       13.12     0.989844      7797700        98.46
       13.50     0.990625      7803276       106.67
       14.02     0.991406      7809379       116.36
       14.46     0.992188      7816938       128.00
       14.53     0.992578      7818954       134.74
       14.65     0.992969      7823715       142.22
       14.72     0.993359      7826582       150.59
       14.78     0.993750      7829464       160.00
       14.85     0.994141      7832676       170.67
       14.91     0.994531      7835784       182.86
       14.97     0.994922      7838939       196.92
       15.04     0.995313      7841989       213.33
       15.10     0.995703      7844925       232.73
       15.17     0.996094      7847639       256.00
       15.17     0.996289      7847639       269.47
       15.23     0.996484      7850263       284.44
       15.29     0.996680      7852626       301.18
       15.29     0.996875      7852626       320.00
       15.36     0.997070      7854683       341.33
       15.42     0.997266      7856526       365.71
       15.49     0.997461      7858094       393.85
       15.55     0.997656      7859410       426.67
       15.62     0.997852      7860469       465.45
       15.74     0.998047      7862112       512.00
       15.81     0.998145      7862758       538.95
       15.87     0.998242      7863304       568.89
       16.00     0.998340      7864063       602.35
       16.13     0.998437      7864627       640.00
       16.38     0.998535      7865372       682.67
       16.77     0.998633      7866101       731.43
       17.28     0.998730      7866863       787.69
       18.05     0.998828      7867609       853.33
       18.82     0.998926      7868367       930.91
       19.45     0.999023      7869140      1024.00
       19.84     0.999072      7869539      1077.89
       20.22     0.999121      7869941      1137.78
       20.61     0.999170      7870332      1204.71
       21.12     0.999219      7870749      1280.00
       21.50     0.999268      7871215      1365.33
       21.76     0.999316      7871513      1462.86
       22.02     0.999365      7871806      1575.38
       22.40     0.999414      7872228      1706.67
       22.78     0.999463      7872715      1861.82
       23.04     0.999512      7873167      2048.00
       23.04     0.999536      7873167      2155.79
       23.17     0.999561      7873355      2275.56
       23.42     0.999585      7873681      2409.41
       23.55     0.999609      7873807      2560.00
       23.81     0.999634      7873982      2730.67
       24.06     0.999658      7874213      2925.71
       24.32     0.999683      7874367      3150.77
       24.57     0.999707      7874507      3413.33
       24.96     0.999731      7874684      3723.64
       25.34     0.999756      7874876      4096.00
       25.60     0.999768      7875030      4311.58
       25.73     0.999780      7875085      4551.11
       25.98     0.999792      7875171      4818.82
       26.37     0.999805      7875280      5120.00
       26.62     0.999817      7875387      5461.33
       26.88     0.999829      7875461      5851.43
       27.26     0.999841      7875557      6301.54
       27.52     0.999854      7875645      6826.67
       27.90     0.999866      7875746      7447.27
       28.54     0.999878      7875890      8192.00
       28.54     0.999884      7875890      8623.16
       28.80     0.999890      7875957      9102.22
       29.05     0.999896      7875989      9637.65
       29.57     0.999902      7876044     10240.00
       29.95     0.999908      7876085     10922.67
       30.34     0.999915      7876133     11702.86
       30.72     0.999921      7876177     12603.08
       31.10     0.999927      7876235     13653.33
       31.36     0.999933      7876271     14894.55
       31.61     0.999939      7876360     16384.00
       31.61     0.999942      7876360     17246.32
       31.74     0.999945      7876385     18204.44
       31.87     0.999948      7876390     19275.29
       32.26     0.999951      7876414     20480.00
       32.64     0.999954      7876470     21845.33
       32.64     0.999957      7876470     23405.71
       32.77     0.999960      7876499     25206.15
       33.02     0.999963      7876529     27306.67
       33.28     0.999966      7876544     29789.09
       33.53     0.999969      7876558     32768.00
       33.79     0.999971      7876576     34492.63
       34.30     0.999973      7876585     36408.89
       34.56     0.999974      7876609     38550.59
       34.56     0.999976      7876609     40960.00
       34.81     0.999977      7876631     43690.67
       34.81     0.999979      7876631     46811.43
       37.38     0.999980      7876642     50412.31
       38.14     0.999982      7876681     54613.33
       38.14     0.999983      7876681     59578.18
       38.14     0.999985      7876681     65536.00
       38.40     0.999986      7876690     68985.26
       38.40     0.999986      7876690     72817.78
       39.17     0.999987      7876711     77101.18
       39.17     0.999988      7876711     81920.00
       39.17     0.999989      7876711     87381.33
       39.42     0.999989      7876721     93622.86
       39.42     0.999990      7876721    100824.62
       40.19     0.999991      7876734    109226.67
       40.19     0.999992      7876734    119156.36
       40.45     0.999992      7876739    131072.00
       40.70     0.999993      7876748    137970.53
       40.70     0.999993      7876748    145635.56
       40.70     0.999994      7876748    154202.35
       42.49     0.999994      7876750    163840.00
       46.85     0.999994      7876753    174762.67
       61.95     0.999995      7876762    187245.71
       61.95     0.999995      7876762    201649.23
       61.95     0.999995      7876762    218453.33
       62.21     0.999996      7876775    238312.73
       62.21     0.999996      7876775    262144.00
       62.21     0.999996      7876775    275941.05
       62.21     0.999997      7876775    291271.11
       62.21     0.999997      7876775    308404.71
       62.21     0.999997      7876775    327680.00
       63.23     0.999997      7876792    349525.33
       63.23     0.999997      7876792    374491.43
       63.23     0.999998      7876792    403298.46
       63.23     0.999998      7876792    436906.67
       63.23     0.999998      7876792    476625.45
       63.23     0.999998      7876792    524288.00
       63.23     0.999998      7876792    551882.11
       63.23     0.999998      7876792    582542.22
       63.23     0.999998      7876792    616809.41
       63.23     0.999998      7876792    655360.00
       63.23     0.999999      7876792    699050.67
       63.23     0.999999      7876792    748982.86
       63.23     0.999999      7876792    806596.92
       63.23     0.999999      7876792    873813.33
       63.23     0.999999      7876792    953250.91
       63.23     0.999999      7876792   1048576.00
       63.23     0.999999      7876792   1103764.21
       63.23     0.999999      7876792   1165084.44
       63.23     0.999999      7876792   1233618.82
       63.23     0.999999      7876792   1310720.00
       63.49     0.999999      7876797   1398101.33
       63.49     0.999999      7876797   1497965.71
       63.49     0.999999      7876797   1613193.85
       63.49     0.999999      7876797   1747626.67
       63.49     0.999999      7876797   1906501.82
       63.49     1.000000      7876797   2097152.00
       63.49     1.000000      7876797   2207528.42
       63.49     1.000000      7876797   2330168.89
       63.49     1.000000      7876797   2467237.65
       63.49     1.000000      7876797   2621440.00
       63.49     1.000000      7876797   2796202.67
       63.49     1.000000      7876797   2995931.43
       63.49     1.000000      7876797   3226387.69
       63.49     1.000000      7876797   3495253.33
       63.49     1.000000      7876797   3813003.64
       63.49     1.000000      7876797   4194304.00
       63.49     1.000000      7876797   4415056.84
       63.49     1.000000      7876797   4660337.78
       63.49     1.000000      7876797   4934475.29
       63.49     1.000000      7876797   5242880.00
       63.49     1.000000      7876797   5592405.33
       63.49     1.000000      7876797   5991862.86
       63.49     1.000000      7876797   6452775.39
       63.49     1.000000      7876797   6990506.67
       63.49     1.000000      7876797   7626007.28
       93.69     1.000000      7876798   8388608.00
       93.69     1.000000      7876798          inf
#[Mean    =        7.615, StdDeviation   =        1.114]
#[Max     =       93.695, Total count    =      7876798]
#[Buckets =           10, SubBuckets     =          256]
