       Value   Percentile   TotalCount 1/(1-Percentile)

        0.29     0.000000            1         1.00
        3.98     0.050000       761128         1.05
        4.06     0.100000      1496654         1.11
        4.13     0.150000      2509461         1.18
        4.16     0.200000      3169545         1.25
        4.19     0.250000      3917158         1.33
        4.22     0.300000      4736463         1.43
        4.22     0.350000      4736463         1.54
        4.25     0.400000      5600803         1.67
        4.29     0.450000      6479776         1.82
        4.32     0.500000      7349212         2.00
        4.32     0.525000      7349212         2.11
        4.35     0.550000      8178527         2.22
        4.35     0.575000      8178527         2.35
        4.35     0.600000      8178527         2.50
        4.38     0.625000      8950665         2.67
        4.38     0.650000      8950665         2.86
        4.42     0.675000      9651670         3.08
        4.42     0.700000      9651670         3.33
        4.45     0.725000     10272342         3.64
        4.45     0.750000     10272342         4.00
        4.45     0.762500     10272342         4.21
        4.48     0.775000     10806136         4.44
        4.48     0.787500     10806136         4.71
        4.48     0.800000     10806136         5.00
        4.51     0.812500     11258702         5.33
        4.51     0.825000     11258702         5.71
        4.54     0.837500     11633484         6.15
        4.54     0.850000     11633484         6.67
        4.54     0.862500     11633484         7.27
        4.58     0.875000     11938197         8.00
        4.58     0.881250     11938197         8.42
        4.61     0.887500     12180374         8.89
        4.61     0.893750     12180374         9.41
        4.61     0.900000     12180374        10.00
        4.64     0.906250     12370045        10.67
        4.64     0.912500     12370045        11.43
        4.67     0.918750     12514307        12.31
        4.67     0.925000     12514307        13.33
        4.70     0.931250     12623769        14.55
        4.74     0.937500     12705708        16.00
        4.74     0.940625     12705708        16.84
        4.77     0.943750     12765860        17.78
        4.77     0.946875     12765860        18.82
        4.80     0.950000     12809923        20.00
        4.83     0.953125     12841513        21.33
        4.89     0.956250     12881344        22.86
        5.05     0.959375     12920904        24.62
        5.63     0.962500     12961358        26.67
        6.82     0.965625     13002972        29.09
        7.81     0.968750     13045001        32.00
        8.03     0.970313     13069468        33.68
        8.16     0.971875     13092481        35.56
        8.26     0.973437     13116823        37.65
        8.32     0.975000     13136976        40.00
        8.38     0.976562     13160209        42.67
        8.45     0.978125     13186061        45.71
        8.51     0.979688     13213309        49.23
        8.51     0.981250     13213309        53.33
        8.57     0.982812     13240644        58.18
        8.64     0.984375     13266942        64.00
        8.64     0.985156     13266942        67.37
        8.70     0.985938     13291469        71.11
        8.70     0.986719     13291469        75.29
        8.77     0.987500     13313268        80.00
        8.77     0.988281     13313268        85.33
        8.83     0.989062     13332285        91.43
        8.83     0.989844     13332285        98.46
        8.89     0.990625     13348394       106.67
        8.96     0.991406     13361158       116.36
        8.96     0.992188     13361158       128.00
        9.02     0.992578     13371056       134.74
        9.02     0.992969     13371056       142.22
        9.09     0.993359     13378753       150.59
        9.15     0.993750     13384434       160.00
        9.21     0.994141     13388703       170.67
        9.34     0.994531     13394207       182.86
        9.47     0.994922     13397845       196.92
        9.73     0.995313     13403255       213.33
        9.98     0.995703     13407967       232.73
       10.30     0.996094     13413274       256.00
       10.49     0.996289     13416299       269.47
       10.69     0.996484     13418975       284.44
       10.81     0.996680     13420885       301.18
       11.07     0.996875     13424342       320.00
       11.20     0.997070     13426114       341.33
       11.46     0.997266     13429464       365.71
       11.65     0.997461     13431961       393.85
       11.84     0.997656     13434378       426.67
       12.03     0.997852     13436643       465.45
       12.29     0.998047     13439700       512.00
       12.41     0.998145     13440968       538.95
       12.54     0.998242     13442222       568.89
       12.73     0.998340     13443605       602.35
       12.93     0.998437     13444838       640.00
       13.12     0.998535     13445881       682.67
       13.44     0.998633     13447288       731.43
       13.82     0.998730     13448643       787.69
       14.21     0.998828     13449873       853.33
       14.72     0.998926     13451237       930.91
       15.23     0.999023     13452535      1024.00
       15.49     0.999072     13453141      1077.89
       15.74     0.999121     13453761      1137.78
       16.06     0.999170     13454430      1204.71
       16.38     0.999219     13455052      1280.00
       16.77     0.999268     13455906      1365.33
       17.02     0.999316     13456376      1462.86
       17.41     0.999365     13457126      1575.38
       17.79     0.999414     13457855      1706.67
       18.05     0.999463     13458412      1861.82
       18.56     0.999512     13459022      2048.00
       18.82     0.999536     13459406      2155.79
       19.07     0.999561     13459705      2275.56
       19.45     0.999585     13460166      2409.41
       19.58     0.999609     13460338      2560.00
       19.97     0.999634     13460676      2730.67
       20.35     0.999658     13461035      2925.71
       20.73     0.999683     13461324      3150.77
       21.12     0.999707     13461628      3413.33
       21.76     0.999731     13461987      3723.64
       22.14     0.999756     13462275      4096.00
       22.40     0.999768     13462436      4311.58
       22.66     0.999780     13462697      4551.11
       22.78     0.999792     13462780      4818.82
       23.17     0.999805     13462987      5120.00
       23.42     0.999817     13463120      5461.33
       23.81     0.999829     13463346      5851.43
       23.93     0.999841     13463444      6301.54
       24.19     0.999854     13463636      6826.67
       24.45     0.999866     13463777      7447.27
       24.83     0.999878     13463925      8192.00
       25.09     0.999884     13464037      8623.16
       25.21     0.999890     13464109      9102.22
       25.34     0.999896     13464175      9637.65
       25.47     0.999902     13464248     10240.00
       25.73     0.999908     13464365     10922.67
       25.86     0.999915     13464410     11702.86
       26.11     0.999921     13464489     12603.08
       26.50     0.999927     13464602     13653.33
       26.75     0.999933     13464665     14894.55
       27.14     0.999939     13464750     16384.00
       27.26     0.999942     13464784     17246.32
       27.39     0.999945     13464817     18204.44
       27.65     0.999948     13464873     19275.29
       27.77     0.999951     13464897     20480.00
       28.03     0.999954     13464947     21845.33
       28.29     0.999957     13464995     23405.71
       28.41     0.999960     13465026     25206.15
       28.67     0.999963     13465075     27306.67
       28.80     0.999966     13465103     29789.09
       29.18     0.999969     13465147     32768.00
       29.31     0.999971     13465167     34492.63
       29.57     0.999973     13465188     36408.89
       29.70     0.999974     13465205     38550.59
       29.82     0.999976     13465225     40960.00
       29.95     0.999977     13465249     43690.67
       30.21     0.999979     13465275     46811.43
       30.46     0.999980     13465293     50412.31
       30.72     0.999982     13465327     54613.33
       30.72     0.999983     13465327     59578.18
       30.98     0.999985     13465349     65536.00
       31.10     0.999986     13465360     68985.26
       31.36     0.999986     13465373     72817.78
       31.61     0.999987     13465379     77101.18
       31.87     0.999988     13465394     81920.00
       32.00     0.999989     13465399     87381.33
       32.26     0.999989     13465408     93622.86
       32.64     0.999990     13465424    100824.62
       32.77     0.999991     13465432    109226.67
       33.02     0.999992     13465442    119156.36
       33.53     0.999992     13465451    131072.00
       33.79     0.999993     13465461    137970.53
       33.79     0.999993     13465461    145635.56
       34.05     0.999994     13465465    154202.35
       34.30     0.999994     13465473    163840.00
       34.56     0.999994     13465479    174762.67
       34.81     0.999995     13465485    187245.71
       34.81     0.999995     13465485    201649.23
       35.07     0.999995     13465490    218453.33
       35.58     0.999996     13465505    238312.73
       35.58     0.999996     13465505    262144.00
       35.58     0.999996     13465505    275941.05
       35.58     0.999997     13465505    291271.11
       35.84     0.999997     13465508    308404.71
       36.09     0.999997     13465512    327680.00
       36.35     0.999997     13465515    349525.33
       36.61     0.999997     13465517    374491.43
       36.86     0.999998     13465524    403298.46
       36.86     0.999998     13465524    436906.67
       36.86     0.999998     13465524    476625.45
       37.12     0.999998     13465526    524288.00
       37.38     0.999998     13465527    551882.11
       37.63     0.999998     13465529    582542.22
       37.89     0.999998     13465533    616809.41
       37.89     0.999998     13465533    655360.00
       37.89     0.999999     13465533    699050.67
       38.14     0.999999     13465537    748982.86
       38.14     0.999999     13465537    806596.92
       38.14     0.999999     13465537    873813.33
       38.14     0.999999     13465537    953250.91
       38.40     0.999999     13465539   1048576.00
       38.40     0.999999     13465539   1103764.21
       38.66     0.999999     13465541   1165084.44
       38.66     0.999999     13465541   1233618.82
       38.66     0.999999     13465541   1310720.00
       38.91     0.999999     13465544   1398101.33
       38.91     0.999999     13465544   1497965.71
       38.91     0.999999     13465544   1613193.85
       38.91     0.999999     13465544   1747626.67
       38.91     0.999999     13465544   1906501.82
       39.17     1.000000     13465546   2097152.00
       39.17     1.000000     13465546   2207528.42
       39.17     1.000000     13465546   2330168.89
       39.17     1.000000     13465546   2467237.65
       39.17     1.000000     13465546   2621440.00
       39.42     1.000000     13465547   2796202.67
       39.42     1.000000     13465547   2995931.43
       39.42     1.000000     13465547   3226387.69
       39.68     1.000000     13465549   3495253.33
       39.68     1.000000     13465549   3813003.64
       39.68     1.000000     13465549   4194304.00
       39.68     1.000000     13465549   4415056.84
       39.68     1.000000     13465549   4660337.78
       39.68     1.000000     13465549   4934475.29
       39.68     1.000000     13465549   5242880.00
       39.68     1.000000     13465549   5592405.33
       39.68     1.000000     13465549   5991862.86
       39.68     1.000000     13465549   6452775.39
       39.94     1.000000     13465550   6990506.67
       39.94     1.000000     13465550   7626007.28
       39.94     1.000000     13465550   8388608.00
       39.94     1.000000     13465550   8830113.68
       39.94     1.000000     13465550   9320675.55
       39.94     1.000000     13465550   9868950.59
       39.94     1.000000     13465550  10485760.00
       39.94     1.000000     13465550  11184810.67
       39.94     1.000000     13465550  11983725.71
       39.94     1.000000     13465550  12905550.76
       42.75     1.000000     13465551  13981013.34
       42.75     1.000000     13465551          inf
#[Mean    =        4.454, StdDeviation   =        1.008]
#[Max     =       42.751, Total count    =     13465551]
#[Buckets =           10, SubBuckets     =          256]
