       Value   Percentile   TotalCount 1/(1-Percentile)

        0.20     0.000000            2         1.00
        2.75     0.050000       902704         1.05
        2.85     0.100000      1838511         1.11
        2.90     0.150000      2596981         1.18
        2.94     0.200000      3585982         1.25
        2.98     0.250000      4368924         1.33
        3.01     0.300000      5236210         1.43
        3.04     0.350000      6169169         1.54
        3.06     0.400000      6649884         1.67
        3.09     0.450000      7626897         1.82
        3.12     0.500000      8599678         2.00
        3.13     0.525000      9077640         2.11
        3.15     0.550000      9547818         2.22
        3.15     0.575000      9547818         2.35
        3.17     0.600000     10003199         2.50
        3.18     0.625000     10444676         2.67
        3.20     0.650000     10868169         2.86
        3.21     0.675000     11274801         3.08
        3.23     0.700000     11658747         3.33
        3.25     0.725000     12021113         3.64
        3.28     0.750000     12676924         4.00
        3.28     0.762500     12676924         4.21
        3.29     0.775000     12968621         4.44
        3.31     0.787500     13234143         4.71
        3.31     0.800000     13234143         5.00
        3.33     0.812500     13475061         5.33
        3.34     0.825000     13693400         5.71
        3.36     0.837500     13888083         6.15
        3.38     0.850000     14062324         6.67
        3.41     0.862500     14355239         7.27
        3.42     0.875000     14476267         8.00
        3.44     0.881250     14583235         8.42
        3.46     0.887500     14676793         8.89
        3.47     0.893750     14758923         9.41
        3.50     0.900000     14893269        10.00
        3.54     0.906250     14997636        10.67
        3.57     0.912500     15078312        11.43
        3.63     0.918750     15193857        12.31
        3.71     0.925000     15287239        13.33
        3.85     0.931250     15379155        14.55
        4.42     0.937500     15480499        16.00
        5.02     0.940625     15534293        16.84
        5.34     0.943750     15584954        17.78
        5.54     0.946875     15644671        18.82
        5.63     0.950000     15688573        20.00
        5.73     0.953125     15743276        21.33
        5.82     0.956250     15809152        22.86
        5.89     0.959375     15858703        24.62
        5.95     0.962500     15912372        26.67
        6.01     0.965625     15966988        29.09
        6.08     0.968750     16022164        32.00
        6.11     0.970313     16049094        33.68
        6.11     0.971875     16049094        35.56
        6.14     0.973437     16075817        37.65
        6.17     0.975000     16101981        40.00
        6.21     0.976562     16127382        42.67
        6.24     0.978125     16151934        45.71
        6.30     0.979688     16197621        49.23
        6.33     0.981250     16218710        53.33
        6.37     0.982812     16238692        58.18
        6.40     0.984375     16257453        64.00
        6.43     0.985156     16274882        67.37
        6.46     0.985938     16291377        71.11
        6.50     0.986719     16306307        75.29
        6.50     0.987500     16306307        80.00
        6.53     0.988281     16320183        85.33
        6.56     0.989062     16332719        91.43
        6.62     0.989844     16354116        98.46
        6.66     0.990625     16363119       106.67
        6.69     0.991406     16371112       116.36
        6.75     0.992188     16384135       128.00
        6.82     0.992578     16394531       134.74
        6.85     0.992969     16398666       142.22
        6.91     0.993359     16405668       150.59
        6.97     0.993750     16411112       160.00
        7.07     0.994141     16417623       170.67
        7.17     0.994531     16422601       182.86
        7.33     0.994922     16429094       196.92
        7.55     0.995313     16435458       213.33
        7.87     0.995703     16441622       232.73
        8.32     0.996094     16448467       256.00
        8.57     0.996289     16451763       269.47
        8.83     0.996484     16455052       284.44
        9.09     0.996680     16458275       301.18
        9.34     0.996875     16461546       320.00
        9.60     0.997070     16464674       341.33
        9.86     0.997266     16467685       365.71
       10.11     0.997461     16470680       393.85
       10.43     0.997656     16474339       426.67
       10.69     0.997852     16477270       465.45
       11.01     0.998047     16480657       512.00
       11.13     0.998145     16481984       538.95
       11.33     0.998242     16483894       568.89
       11.52     0.998340     16485503       602.35
       11.71     0.998437     16486983       640.00
       11.90     0.998535     16488432       682.67
       12.16     0.998633     16490194       731.43
       12.41     0.998730     16491919       787.69
       12.67     0.998828     16493216       853.33
       12.99     0.998926     16494787       930.91
       13.38     0.999023     16496478      1024.00
       13.63     0.999072     16497341      1077.89
       13.89     0.999121     16498170      1137.78
       14.08     0.999170     16498819      1204.71
       14.40     0.999219     16499744      1280.00
       14.78     0.999268     16500509      1365.33
       15.17     0.999316     16501301      1462.86
       15.55     0.999365     16502112      1575.38
       16.00     0.999414     16502933      1706.67
       16.64     0.999463     16503844      1861.82
       17.15     0.999512     16504538      2048.00
       17.41     0.999536     16504916      2155.79
       17.79     0.999561     16505403      2275.56
       18.05     0.999585     16505724      2409.41
       18.43     0.999609     16506176      2560.00
       18.82     0.999634     16506569      2730.67
       19.20     0.999658     16507030      2925.71
       19.58     0.999683     16507370      3150.77
       20.09     0.999707     16507792      3413.33
       20.48     0.999731     16508091      3723.64
       21.12     0.999756     16508545      4096.00
       21.38     0.999768     16508745      4311.58
       21.63     0.999780     16508933      4551.11
       21.89     0.999792     16509106      4818.82
       22.14     0.999805     16509320      5120.00
       22.53     0.999817     16509591      5461.33
       22.78     0.999829     16509790      5851.43
       23.04     0.999841     16509928      6301.54
       23.42     0.999854     16510166      6826.67
       23.68     0.999866     16510318      7447.27
       24.06     0.999878     16510526      8192.00
       24.32     0.999884     16510656      8623.16
       24.45     0.999890     16510713      9102.22
       24.70     0.999896     16510841      9637.65
       24.96     0.999902     16510954     10240.00
       25.09     0.999908     16511010     10922.67
       25.34     0.999915     16511129     11702.86
       25.60     0.999921     16511275     12603.08
       25.73     0.999927     16511343     13653.33
       25.98     0.999933     16511432     14894.55
       26.24     0.999939     16511529     16384.00
       26.37     0.999942     16511587     17246.32
       26.50     0.999945     16511628     18204.44
       26.62     0.999948     16511668     19275.29
       26.88     0.999951     16511742     20480.00
       27.01     0.999954     16511778     21845.33
       27.26     0.999957     16511854     23405.71
       27.39     0.999960     16511890     25206.15
       27.52     0.999963     16511919     27306.67
       27.77     0.999966     16511986     29789.09
       27.90     0.999969     16512013     32768.00
       28.03     0.999971     16512041     34492.63
       28.29     0.999973     16512083     36408.89
       28.41     0.999974     16512106     38550.59
       28.54     0.999976     16512125     40960.00
       28.67     0.999977     16512147     43690.67
       28.80     0.999979     16512167     46811.43
       29.05     0.999980     16512207     50412.31
       29.18     0.999982     16512226     54613.33
       29.44     0.999983     16512252     59578.18
       29.57     0.999985     16512267     65536.00
       29.70     0.999986     16512277     68985.26
       29.95     0.999986     16512302     72817.78
       29.95     0.999987     16512302     77101.18
       30.21     0.999988     16512316     81920.00
       30.59     0.999989     16512331     87381.33
       30.72     0.999989     16512340     93622.86
       30.98     0.999990     16512355    100824.62
       31.23     0.999991     16512370    109226.67
       31.36     0.999992     16512380    119156.36
       31.61     0.999992     16512391    131072.00
       31.87     0.999993     16512401    137970.53
       32.00     0.999993     16512409    145635.56
       32.00     0.999994     16512409    154202.35
       32.26     0.999994     16512425    163840.00
       32.26     0.999994     16512425    174762.67
       32.38     0.999995     16512443    187245.71
       32.38     0.999995     16512443    201649.23
       32.38     0.999995     16512443    218453.33
       32.51     0.999996     16512454    238312.73
       32.51     0.999996     16512454    262144.00
       32.77     0.999996     16512461    275941.05
       32.77     0.999997     16512461    291271.11
       33.02     0.999997     16512469    308404.71
       33.02     0.999997     16512469    327680.00
       33.02     0.999997     16512469    349525.33
       33.28     0.999997     16512475    374491.43
       33.53     0.999998     16512481    403298.46
       33.53     0.999998     16512481    436906.67
       33.79     0.999998     16512487    476625.45
       33.79     0.999998     16512487    524288.00
       33.79     0.999998     16512487    551882.11
       34.05     0.999998     16512491    582542.22
       34.05     0.999998     16512491    616809.41
       34.05     0.999998     16512491    655360.00
       34.30     0.999999     16512493    699050.67
       34.81     0.999999     16512498    748982.86
       34.81     0.999999     16512498    806596.92
       34.81     0.999999     16512498    873813.33
       35.07     0.999999     16512501    953250.91
       35.07     0.999999     16512501   1048576.00
       35.33     0.999999     16512503   1103764.21
       35.33     0.999999     16512503   1165084.44
       35.33     0.999999     16512503   1233618.82
       35.58     0.999999     16512505   1310720.00
       35.58     0.999999     16512505   1398101.33
       35.58     0.999999     16512505   1497965.71
       35.84     0.999999     16512507   1613193.85
       35.84     0.999999     16512507   1747626.67
       36.09     0.999999     16512508   1906501.82
       36.61     1.000000     16512509   2097152.00
       36.61     1.000000     16512509   2207528.42
       36.61     1.000000     16512509   2330168.89
       36.86     1.000000     16512511   2467237.65
       36.86     1.000000     16512511   2621440.00
       36.86     1.000000     16512511   2796202.67
       36.86     1.000000     16512511   2995931.43
       36.86     1.000000     16512511   3226387.69
       37.12     1.000000     16512512   3495253.33
       37.12     1.000000     16512512   3813003.64
       37.38     1.000000     16512513   4194304.00
       37.38     1.000000     16512513   4415056.84
       37.38     1.000000     16512513   4660337.78
       37.38     1.000000     16512513   4934475.29
       37.38     1.000000     16512513   5242880.00
       37.63     1.000000     16512514   5592405.33
       37.63     1.000000     16512514   5991862.86
       37.63     1.000000     16512514   6452775.39
       37.63     1.000000     16512514   6990506.67
       37.63     1.000000     16512514   7626007.28
       37.89     1.000000     16512515   8388608.00
       37.89     1.000000     16512515   8830113.68
       37.89     1.000000     16512515   9320675.55
       37.89     1.000000     16512515   9868950.59
       37.89     1.000000     16512515  10485760.00
       37.89     1.000000     16512515  11184810.67
       37.89     1.000000     16512515  11983725.71
       37.89     1.000000     16512515  12905550.76
       37.89     1.000000     16512515  13981013.34
       37.89     1.000000     16512515  15252014.55
       38.14     1.000000     16512516  16777216.00
       38.14     1.000000     16512516          inf
#[Mean    =        3.297, StdDeviation   =        0.969]
#[Max     =       38.143, Total count    =     16512516]
#[Buckets =           10, SubBuckets     =          256]
