       Value   Percentile   TotalCount 1/(1-Percentile)

        0.38     0.000000            1         1.00
        4.05     0.050000        68028         1.05
        4.13     0.100000       133693         1.11
        4.19     0.150000       225482         1.18
        4.22     0.200000       285948         1.25
        4.25     0.250000       354273         1.33
        4.29     0.300000       428831         1.43
        4.29     0.350000       428831         1.54
        4.32     0.400000       507248         1.67
        4.35     0.450000       587079         1.82
        4.38     0.500000       665241         2.00
        4.38     0.525000       665241         2.11
        4.42     0.550000       739963         2.22
        4.42     0.575000       739963         2.35
        4.42     0.600000       739963         2.50
        4.45     0.625000       809261         2.67
        4.45     0.650000       809261         2.86
        4.48     0.675000       871987         3.08
        4.48     0.700000       871987         3.33
        4.51     0.725000       927628         3.64
        4.51     0.750000       927628         4.00
        4.54     0.762500       975869         4.21
        4.54     0.775000       975869         4.44
        4.54     0.787500       975869         4.71
        4.58     0.800000      1016569         5.00
        4.58     0.812500      1016569         5.33
        4.58     0.825000      1016569         5.71
        4.61     0.837500      1050711         6.15
        4.61     0.850000      1050711         6.67
        4.64     0.862500      1078332         7.27
        4.64     0.875000      1078332         8.00
        4.67     0.881250      1100035         8.42
        4.67     0.887500      1100035         8.89
        4.67     0.893750      1100035         9.41
        4.70     0.900000      1117179        10.00
        4.70     0.906250      1117179        10.67
        4.74     0.912500      1130563        11.43
        4.74     0.918750      1130563        12.31
        4.77     0.925000      1140509        13.33
        4.77     0.931250      1140509        14.55
        4.83     0.937500      1153432        16.00
        4.83     0.940625      1153432        16.84
        4.86     0.943750      1157574        17.78
        4.89     0.946875      1160449        18.82
        4.96     0.950000      1164419        20.00
        5.05     0.953125      1167508        21.33
        5.28     0.956250      1170872        22.86
        5.79     0.959375      1174834        24.62
        6.62     0.962500      1178579        26.67
        7.58     0.965625      1182335        29.09
        8.10     0.968750      1186291        32.00
        8.26     0.970313      1189274        33.68
        8.32     0.971875      1190990        35.56
        8.38     0.973437      1192976        37.65
        8.45     0.975000      1195215        40.00
        8.51     0.976562      1197682        42.67
        8.51     0.978125      1197682        45.71
        8.57     0.979688      1200126        49.23
        8.64     0.981250      1202663        53.33
        8.70     0.982812      1205106        58.18
        8.77     0.984375      1207271        64.00
        8.77     0.985156      1207271        67.37
        8.77     0.985938      1207271        71.11
        8.83     0.986719      1209252        75.29
        8.83     0.987500      1209252        80.00
        8.89     0.988281      1210976        85.33
        8.96     0.989062      1212449        91.43
        8.96     0.989844      1212449        98.46
        9.02     0.990625      1213695       106.67
        9.09     0.991406      1214593       116.36
        9.15     0.992188      1215313       128.00
        9.21     0.992578      1215849       134.74
        9.21     0.992969      1215849       142.22
        9.34     0.993359      1216537       150.59
        9.41     0.993750      1216781       160.00
        9.60     0.994141      1217310       170.67
        9.79     0.994531      1217756       182.86
       10.05     0.994922      1218255       196.92
       10.30     0.995313      1218745       213.33
       10.56     0.995703      1219177       232.73
       10.94     0.996094      1219718       256.00
       11.07     0.996289      1219885       269.47
       11.26     0.996484      1220133       284.44
       11.46     0.996680      1220400       301.18
       11.65     0.996875      1220663       320.00
       11.78     0.997070      1220854       341.33
       11.97     0.997266      1221106       365.71
       12.16     0.997461      1221356       393.85
       12.35     0.997656      1221579       426.67
       12.54     0.997852      1221790       465.45
       12.80     0.998047      1222025       512.00
       12.99     0.998145      1222160       538.95
       13.25     0.998242      1222286       568.89
       13.44     0.998340      1222384       602.35
       13.76     0.998437      1222519       640.00
       14.08     0.998535      1222628       682.67
       14.46     0.998633      1222752       731.43
       14.91     0.998730      1222860       787.69
       15.42     0.998828      1222994       853.33
       15.87     0.998926      1223108       930.91
       16.51     0.999023      1223224      1024.00
       16.77     0.999072      1223286      1077.89
       17.02     0.999121      1223341      1137.78
       17.41     0.999170      1223426      1204.71
       17.66     0.999219      1223475      1280.00
       17.92     0.999268      1223533      1365.33
       18.18     0.999316      1223597      1462.86
       18.43     0.999365      1223636      1575.38
       18.82     0.999414      1223704      1706.67
       19.20     0.999463      1223756      1861.82
       19.71     0.999512      1223833      2048.00
       19.84     0.999536      1223849      2155.79
       20.09     0.999561      1223886      2275.56
       20.35     0.999585      1223911      2409.41
       20.73     0.999609      1223945      2560.00
       20.86     0.999634      1223965      2730.67
       21.25     0.999658      1223995      2925.71
       21.76     0.999683      1224030      3150.77
       22.14     0.999707      1224057      3413.33
       22.53     0.999731      1224094      3723.64
       22.78     0.999756      1224116      4096.00
       23.17     0.999768      1224134      4311.58
       23.30     0.999780      1224146      4551.11
       23.55     0.999792      1224160      4818.82
       23.81     0.999805      1224180      5120.00
       24.06     0.999817      1224195      5461.33
       24.19     0.999829      1224208      5851.43
       24.32     0.999841      1224220      6301.54
       24.70     0.999854      1224235      6826.67
       24.83     0.999866      1224248      7447.27
       25.21     0.999878      1224269      8192.00
       25.34     0.999884      1224275      8623.16
       25.47     0.999890      1224281      9102.22
       25.60     0.999896      1224291      9637.65
       25.73     0.999902      1224297     10240.00
       25.98     0.999908      1224302     10922.67
       26.11     0.999915      1224308     11702.86
       26.50     0.999921      1224316     12603.08
       27.01     0.999927      1224325     13653.33
       27.39     0.999933      1224331     14894.55
       27.77     0.999939      1224339     16384.00
       27.90     0.999942      1224342     17246.32
       28.03     0.999945      1224347     18204.44
       28.16     0.999948      1224351     19275.29
       28.41     0.999951      1224357     20480.00
       28.41     0.999954      1224357     21845.33
       28.67     0.999957      1224360     23405.71
       28.80     0.999960      1224364     25206.15
       29.31     0.999963      1224370     27306.67
       29.57     0.999966      1224371     29789.09
       29.82     0.999969      1224375     32768.00
       29.95     0.999971      1224380     34492.63
       29.95     0.999973      1224380     36408.89
       30.08     0.999974      1224382     38550.59
       30.21     0.999976      1224387     40960.00
       30.21     0.999977      1224387     43690.67
       30.21     0.999979      1224387     46811.43
       30.46     0.999980      1224388     50412.31
       30.72     0.999982      1224390     54613.33
       31.10     0.999983      1224393     59578.18
       31.36     0.999985      1224394     65536.00
       31.74     0.999986      1224395     68985.26
       31.87     0.999986      1224396     72817.78
       32.13     0.999987      1224398     77101.18
       32.13     0.999988      1224398     81920.00
       32.13     0.999989      1224398     87381.33
       32.38     0.999989      1224399     93622.86
       32.51     0.999990      1224401    100824.62
       32.51     0.999991      1224401    109226.67
       33.02     0.999992      1224402    119156.36
       33.79     0.999992      1224403    131072.00
       34.05     0.999993      1224404    137970.53
       34.05     0.999993      1224404    145635.56
       34.30     0.999994      1224406    154202.35
       34.30     0.999994      1224406    163840.00
       34.30     0.999994      1224406    174762.67
       34.30     0.999995      1224406    187245.71
       34.30     0.999995      1224406    201649.23
       34.81     0.999995      1224407    218453.33
       34.81     0.999996      1224407    238312.73
       35.58     0.999996      1224408    262144.00
       35.58     0.999996      1224408    275941.05
       35.58     0.999997      1224408    291271.11
       36.35     0.999997      1224409    308404.71
       36.35     0.999997      1224409    327680.00
       36.35     0.999997      1224409    349525.33
       36.35     0.999997      1224409    374491.43
       36.35     0.999998      1224409    403298.46
       36.86     0.999998      1224410    436906.67
       36.86     0.999998      1224410    476625.45
       36.86     0.999998      1224410    524288.00
       36.86     0.999998      1224410    551882.11
       36.86     0.999998      1224410    582542.22
       37.12     0.999998      1224411    616809.41
       37.12     0.999998      1224411    655360.00
       37.12     0.999999      1224411    699050.67
       37.12     0.999999      1224411    748982.86
       37.12     0.999999      1224411    806596.92
       37.12     0.999999      1224411    873813.33
       37.12     0.999999      1224411    953250.91
       37.12     0.999999      1224411   1048576.00
       37.12     0.999999      1224411   1103764.21
       37.12     0.999999      1224411   1165084.44
       38.66     0.999999      1224412   1233618.82
       38.66     1.000000      1224412          inf
#[Mean    =        4.536, StdDeviation   =        1.060]
#[Max     =       38.655, Total count    =      1224412]
#[Buckets =           10, SubBuckets     =          256]
