       Value   Percentile   TotalCount 1/(1-Percentile)

        0.40     0.000000            2         1.00
        1.74     0.050000      1632478         1.05
        1.78     0.100000      3068455         1.11
        1.81     0.150000      4731507         1.18
        1.82     0.200000      6443524         1.25
        1.83     0.250000      7492140         1.33
        1.85     0.300000      9939012         1.43
        1.85     0.350000     11278791         1.54
        1.86     0.400000     12651884         1.67
        1.87     0.450000     14016118         1.82
        1.88     0.500000     15341004         2.00
        1.89     0.525000     16597400         2.11
        1.89     0.550000     16597400         2.22
        1.90     0.575000     17753054         2.35
        1.90     0.600000     17753054         2.50
        1.90     0.625000     18798771         2.67
        1.91     0.650000     19728926         2.86
        1.92     0.675000     20536662         3.08
        1.93     0.700000     21227680         3.33
        1.94     0.725000     21818953         3.64
        1.94     0.750000     22312315         4.00
        1.95     0.762500     22725226         4.21
        1.96     0.775000     23063799         4.44
        1.97     0.787500     23343488         4.71
        1.98     0.800000     23758976         5.00
        2.00     0.812500     24034941         5.33
        2.04     0.825000     24377287         5.71
        2.56     0.837500     24728037         6.15
        2.64     0.850000     25088936         6.67
        2.70     0.862500     25577645         7.27
        2.73     0.875000     26006978         8.00
        2.73     0.881250     26006978         8.42
        2.75     0.887500     26293624         8.89
        2.77     0.893750     26622073         9.41
        2.77     0.900000     26622073        10.00
        2.78     0.906250     26977769        10.67
        2.78     0.912500     26977769        11.43
        2.80     0.918750     27337388        12.31
        2.80     0.925000     27337388        13.33
        2.81     0.931250     27680728        14.55
        2.81     0.937500     27680728        16.00
        2.83     0.940625     27991294        16.84
        2.83     0.943750     27991294        17.78
        2.83     0.946875     27991294        18.82
        2.85     0.950000     28259598        20.00
        2.85     0.953125     28259598        21.33
        2.85     0.956250     28259598        22.86
        2.86     0.959375     28484961        24.62
        2.86     0.962500     28484961        26.67
        2.88     0.965625     28668322        29.09
        2.88     0.968750     28668322        32.00
        2.88     0.970313     28668322        33.68
        2.90     0.971875     28813966        35.56
        2.90     0.973437     28813966        37.65
        2.90     0.975000     28813966        40.00
        2.90     0.976562     28813966        42.67
        2.91     0.978125     28928700        45.71
        2.91     0.979688     28928700        49.23
        2.93     0.981250     29017947        53.33
        2.93     0.982812     29017947        58.18
        2.94     0.984375     29086556        64.00
        2.94     0.985156     29086556        67.37
        2.96     0.985938     29138729        71.11
        2.96     0.986719     29138729        75.29
        2.96     0.987500     29138729        80.00
        2.98     0.988281     29178705        85.33
        2.99     0.989062     29209282        91.43
        2.99     0.989844     29209282        98.46
        3.01     0.990625     29232296       106.67
        3.02     0.991406     29249963       116.36
        3.06     0.992188     29274312       128.00
        3.09     0.992578     29289154       134.74
        3.12     0.992969     29299183       142.22
        3.17     0.993359     29309191       150.59
        3.25     0.993750     29318959       160.00
        3.34     0.994141     29331138       170.67
        3.39     0.994531     29344717       182.86
        3.42     0.994922     29356324       196.92
        3.46     0.995313     29367331       213.33
        3.50     0.995703     29379145       232.73
        3.58     0.996094     29387968       256.00
        3.71     0.996289     29393625       269.47
        3.97     0.996484     29399314       284.44
        4.32     0.996680     29405262       301.18
        4.74     0.996875     29410721       320.00
        5.18     0.997070     29416381       341.33
        5.66     0.997266     29422448       365.71
        6.14     0.997461     29428092       393.85
        6.66     0.997656     29434003       426.67
        7.17     0.997852     29439774       465.45
        7.65     0.998047     29445236       512.00
        7.90     0.998145     29448124       538.95
        8.16     0.998242     29451008       568.89
        8.45     0.998340     29454331       602.35
        8.70     0.998437     29457282       640.00
        8.96     0.998535     29460161       682.67
        9.21     0.998633     29463054       731.43
        9.47     0.998730     29465973       787.69
        9.73     0.998828     29468923       853.33
        9.92     0.998926     29471135       930.91
       10.18     0.999023     29474103      1024.00
       10.30     0.999072     29475697      1077.89
       10.43     0.999121     29477265      1137.78
       10.56     0.999170     29478860      1204.71
       10.69     0.999219     29480563      1280.00
       10.75     0.999268     29481441      1365.33
       10.88     0.999316     29483251      1462.86
       10.94     0.999365     29484237      1575.38
       11.07     0.999414     29486154      1706.67
       11.13     0.999463     29487250      1861.82
       11.26     0.999512     29489401      2048.00
       11.26     0.999536     29489401      2155.79
       11.33     0.999561     29490536      2275.56
       11.39     0.999585     29491666      2409.41
       11.39     0.999609     29491666      2560.00
       11.46     0.999634     29492765      2730.67
       11.46     0.999658     29492765      2925.71
       11.52     0.999683     29493862      3150.77
       11.58     0.999707     29494925      3413.33
       11.58     0.999731     29494925      3723.64
       11.65     0.999756     29495783      4096.00
       11.71     0.999768     29496692      4311.58
       11.71     0.999780     29496692      4551.11
       11.71     0.999792     29496692      4818.82
       11.78     0.999805     29497507      5120.00
       11.78     0.999817     29497507      5461.33
       11.84     0.999829     29498108      5851.43
       11.90     0.999841     29498696      6301.54
       11.90     0.999854     29498696      6826.67
       11.97     0.999866     29499252      7447.27
       11.97     0.999878     29499252      8192.00
       12.03     0.999884     29499705      8623.16
       12.03     0.999890     29499705      9102.22
       12.10     0.999896     29500052      9637.65
       12.10     0.999902     29500052     10240.00
       12.16     0.999908     29500322     10922.67
       12.16     0.999915     29500322     11702.86
       12.22     0.999921     29500586     12603.08
       12.29     0.999927     29500768     13653.33
       12.35     0.999933     29500954     14894.55
       12.41     0.999939     29501068     16384.00
       12.48     0.999942     29501194     17246.32
       12.48     0.999945     29501194     18204.44
       12.54     0.999948     29501307     19275.29
       12.61     0.999951     29501420     20480.00
       12.67     0.999954     29501521     21845.33
       12.73     0.999957     29501616     23405.71
       12.80     0.999960     29501702     25206.15
       12.86     0.999963     29501782     27306.67
       12.93     0.999966     29501847     29789.09
       12.99     0.999969     29501915     32768.00
       13.05     0.999971     29501972     34492.63
       13.12     0.999973     29502027     36408.89
       13.18     0.999974     29502089     38550.59
       13.18     0.999976     29502089     40960.00
       13.25     0.999977     29502133     43690.67
       13.31     0.999979     29502173     46811.43
       13.44     0.999980     29502243     50412.31
       13.50     0.999982     29502279     54613.33
       13.57     0.999983     29502311     59578.18
       13.70     0.999985     29502374     65536.00
       13.70     0.999986     29502374     68985.26
       13.76     0.999986     29502395     72817.78
       13.89     0.999987     29502426     77101.18
       13.95     0.999988     29502450     81920.00
       14.02     0.999989     29502470     87381.33
       14.14     0.999989     29502498     93622.86
       14.21     0.999990     29502518    100824.62
       14.27     0.999991     29502537    109226.67
       14.46     0.999992     29502557    119156.36
       14.59     0.999992     29502575    131072.00
       14.65     0.999993     29502585    137970.53
       14.78     0.999993     29502597    145635.56
       14.85     0.999994     29502611    154202.35
       14.91     0.999994     29502622    163840.00
       14.97     0.999994     29502635    174762.67
       15.04     0.999995     29502643    187245.71
       15.17     0.999995     29502653    201649.23
       15.29     0.999995     29502666    218453.33
       15.49     0.999996     29502677    238312.73
       15.74     0.999996     29502687    262144.00
       15.87     0.999996     29502693    275941.05
       16.00     0.999997     29502698    291271.11
       16.06     0.999997     29502703    308404.71
       16.32     0.999997     29502708    327680.00
       16.77     0.999997     29502716    349525.33
       16.89     0.999997     29502721    374491.43
       17.15     0.999998     29502727    403298.46
       17.41     0.999998     29502732    436906.67
       17.79     0.999998     29502737    476625.45
       18.69     0.999998     29502742    524288.00
       18.94     0.999998     29502745    551882.11
       19.33     0.999998     29502748    582542.22
       19.58     0.999998     29502751    616809.41
       19.71     0.999998     29502753    655360.00
       19.97     0.999999     29502757    699050.67
       20.09     0.999999     29502759    748982.86
       20.35     0.999999     29502764    806596.92
       20.48     0.999999     29502768    873813.33
       20.48     0.999999     29502768    953250.91
       20.61     0.999999     29502770   1048576.00
       20.99     0.999999     29502772   1103764.21
       21.12     0.999999     29502773   1165084.44
       21.63     0.999999     29502775   1233618.82
       22.14     0.999999     29502776   1310720.00
       22.27     0.999999     29502777   1398101.33
       22.78     0.999999     29502779   1497965.71
       23.04     0.999999     29502780   1613193.85
       23.17     0.999999     29502782   1747626.67
       23.55     0.999999     29502783   1906501.82
       23.81     1.000000     29502784   2097152.00
       23.93     1.000000     29502785   2207528.42
       24.19     1.000000     29502789   2330168.89
       24.19     1.000000     29502789   2467237.65
       24.19     1.000000     29502789   2621440.00
       24.19     1.000000     29502789   2796202.67
       24.19     1.000000     29502789   2995931.43
       24.19     1.000000     29502789   3226387.69
       24.45     1.000000     29502790   3495253.33
       24.83     1.000000     29502792   3813003.64
       24.83     1.000000     29502792   4194304.00
       24.83     1.000000     29502792   4415056.84
       24.83     1.000000     29502792   4660337.78
       24.96     1.000000     29502793   4934475.29
       24.96     1.000000     29502793   5242880.00
       24.96     1.000000     29502793   5592405.33
       25.09     1.000000     29502795   5991862.86
       25.09     1.000000     29502795   6452775.39
       25.09     1.000000     29502795   6990506.67
       25.09     1.000000     29502795   7626007.28
       25.09     1.000000     29502795   8388608.00
       25.09     1.000000     29502795   8830113.68
       25.09     1.000000     29502795   9320675.55
       25.34     1.000000     29502796   9868950.59
       25.34     1.000000     29502796  10485760.00
       25.34     1.000000     29502796  11184810.67
       25.34     1.000000     29502796  11983725.71
       25.34     1.000000     29502796  12905550.76
       25.34     1.000000     29502796  13981013.34
       25.47     1.000000     29502797  15252014.55
       25.47     1.000000     29502797  16777216.00
       25.47     1.000000     29502797  17660227.38
       25.47     1.000000     29502797  18641351.10
       25.47     1.000000     29502797  19737901.19
       25.47     1.000000     29502797  20971519.98
       25.47     1.000000     29502797  22369621.33
       25.47     1.000000     29502797  23967451.45
       25.47     1.000000     29502797  25811101.52
       25.47     1.000000     29502797  27962026.68
       25.60     1.000000     29502798  30504029.05
       25.60     1.000000     29502798          inf
#[Mean    =        2.032, StdDeviation   =        0.530]
#[Max     =       25.599, Total count    =     29502798]
#[Buckets =           10, SubBuckets     =          256]
