       Value   Percentile   TotalCount 1/(1-Percentile)

        0.40     0.000000            2         1.00
        1.74     0.050000      1485231         1.05
        1.78     0.100000      2792258         1.11
        1.81     0.150000      4306114         1.18
        1.82     0.200000      5863548         1.25
        1.83     0.250000      6817237         1.33
        1.85     0.300000      9042877         1.43
        1.85     0.350000     10260787         1.54
        1.86     0.400000     11509165         1.67
        1.87     0.450000     12749205         1.82
        1.88     0.500000     13953910         2.00
        1.89     0.525000     15095838         2.11
        1.89     0.550000     15095838         2.22
        1.90     0.575000     16145982         2.35
        1.90     0.600000     16145982         2.50
        1.90     0.625000     17096501         2.67
        1.91     0.650000     17941903         2.86
        1.92     0.675000     18675468         3.08
        1.93     0.700000     19303355         3.33
        1.94     0.725000     19840549         3.64
        1.94     0.750000     20288496         4.00
        1.95     0.762500     20663783         4.21
        1.96     0.775000     20971287         4.44
        1.97     0.787500     21225145         4.71
        1.98     0.800000     21602638         5.00
        2.00     0.812500     21853225         5.33
        2.04     0.825000     22164407         5.71
        2.56     0.837500     22483025         6.15
        2.64     0.850000     22811037         6.67
        2.70     0.862500     23255127         7.27
        2.73     0.875000     23645332         8.00
        2.73     0.881250     23645332         8.42
        2.75     0.887500     23905964         8.89
        2.77     0.893750     24204652         9.41
        2.77     0.900000     24204652        10.00
        2.78     0.906250     24528037        10.67
        2.78     0.912500     24528037        11.43
        2.80     0.918750     24854518        12.31
        2.80     0.925000     24854518        13.33
        2.81     0.931250     25166745        14.55
        2.81     0.937500     25166745        16.00
        2.83     0.940625     25448711        16.84
        2.83     0.943750     25448711        17.78
        2.83     0.946875     25448711        18.82
        2.85     0.950000     25692348        20.00
        2.85     0.953125     25692348        21.33
        2.85     0.956250     25692348        22.86
        2.86     0.959375     25896880        24.62
        2.86     0.962500     25896880        26.67
        2.88     0.965625     26063338        29.09
        2.88     0.968750     26063338        32.00
        2.88     0.970313     26063338        33.68
        2.90     0.971875     26195453        35.56
        2.90     0.973437     26195453        37.65
        2.90     0.975000     26195453        40.00
        2.90     0.976562     26195453        42.67
        2.91     0.978125     26299680        45.71
        2.91     0.979688     26299680        49.23
        2.93     0.981250     26380682        53.33
        2.93     0.982812     26380682        58.18
        2.94     0.984375     26442958        64.00
        2.94     0.985156     26442958        67.37
        2.96     0.985938     26490167        71.11
        2.96     0.986719     26490167        75.29
        2.96     0.987500     26490167        80.00
        2.98     0.988281     26526415        85.33
        2.99     0.989062     26554176        91.43
        2.99     0.989844     26554176        98.46
        3.01     0.990625     26575057       106.67
        3.02     0.991406     26591115       116.36
        3.06     0.992188     26613105       128.00
        3.09     0.992578     26626551       134.74
        3.12     0.992969     26635602       142.22
        3.17     0.993359     26644686       150.59
        3.25     0.993750     26653527       160.00
        3.34     0.994141     26664607       170.67
        3.39     0.994531     26677008       182.86
        3.42     0.994922     26687507       196.92
        3.46     0.995313     26697508       213.33
        3.49     0.995703     26705289       232.73
        3.58     0.996094     26716265       256.00
        3.69     0.996289     26720925       269.47
        3.95     0.996484     26726332       284.44
        4.29     0.996680     26731493       301.18
        4.74     0.996875     26736862       320.00
        5.18     0.997070     26741994       341.33
        5.63     0.997266     26747191       365.71
        6.14     0.997461     26752633       393.85
        6.62     0.997656     26757608       426.67
        7.13     0.997852     26762858       465.45
        7.65     0.998047     26768127       512.00
        7.90     0.998145     26770744       538.95
        8.16     0.998242     26773388       568.89
        8.45     0.998340     26776422       602.35
        8.70     0.998437     26779105       640.00
        8.96     0.998535     26781735       682.67
        9.21     0.998633     26784352       731.43
        9.47     0.998730     26787001       787.69
        9.73     0.998828     26789685       853.33
        9.92     0.998926     26791708       930.91
       10.18     0.999023     26794409      1024.00
       10.30     0.999072     26795852      1077.89
       10.43     0.999121     26797266      1137.78
       10.56     0.999170     26798732      1204.71
       10.69     0.999219     26800264      1280.00
       10.75     0.999268     26801063      1365.33
       10.88     0.999316     26802727      1462.86
       10.94     0.999365     26803612      1575.38
       11.07     0.999414     26805343      1706.67
       11.13     0.999463     26806327      1861.82
       11.26     0.999512     26808285      2048.00
       11.26     0.999536     26808285      2155.79
       11.33     0.999561     26809299      2275.56
       11.39     0.999585     26810336      2409.41
       11.39     0.999609     26810336      2560.00
       11.46     0.999634     26811342      2730.67
       11.46     0.999658     26811342      2925.71
       11.52     0.999683     26812355      3150.77
       11.58     0.999707     26813327      3413.33
       11.58     0.999731     26813327      3723.64
       11.65     0.999756     26814097      4096.00
       11.71     0.999768     26814925      4311.58
       11.71     0.999780     26814925      4551.11
       11.71     0.999792     26814925      4818.82
       11.78     0.999805     26815680      5120.00
       11.78     0.999817     26815680      5461.33
       11.84     0.999829     26816214      5851.43
       11.84     0.999841     26816214      6301.54
       11.90     0.999854     26816758      6826.67
       11.97     0.999866     26817251      7447.27
       11.97     0.999878     26817251      8192.00
       12.03     0.999884     26817664      8623.16
       12.03     0.999890     26817664      9102.22
       12.03     0.999896     26817664      9637.65
       12.10     0.999902     26817986     10240.00
       12.16     0.999908     26818220     10922.67
       12.16     0.999915     26818220     11702.86
       12.22     0.999921     26818465     12603.08
       12.29     0.999927     26818631     13653.33
       12.35     0.999933     26818795     14894.55
       12.41     0.999939     26818899     16384.00
       12.41     0.999942     26818899     17246.32
       12.48     0.999945     26819014     18204.44
       12.54     0.999948     26819115     19275.29
       12.61     0.999951     26819218     20480.00
       12.61     0.999954     26819218     21845.33
       12.67     0.999957     26819309     23405.71
       12.73     0.999960     26819396     25206.15
       12.80     0.999963     26819470     27306.67
       12.93     0.999966     26819590     29789.09
       12.99     0.999969     26819652     32768.00
       13.05     0.999971     26819706     34492.63
       13.12     0.999973     26819747     36408.89
       13.18     0.999974     26819805     38550.59
       13.18     0.999976     26819805     40960.00
       13.25     0.999977     26819841     43690.67
       13.31     0.999979     26819878     46811.43
       13.38     0.999980     26819913     50412.31
       13.50     0.999982     26819972     54613.33
       13.57     0.999983     26820000     59578.18
       13.70     0.999985     26820059     65536.00
       13.70     0.999986     26820059     68985.26
       13.76     0.999986     26820078     72817.78
       13.89     0.999987     26820107     77101.18
       13.95     0.999988     26820127     81920.00
       14.02     0.999989     26820145     87381.33
       14.14     0.999989     26820171     93622.86
       14.21     0.999990     26820190    100824.62
       14.27     0.999991     26820207    109226.67
       14.46     0.999992     26820225    119156.36
       14.59     0.999992     26820240    131072.00
       14.72     0.999993     26820253    137970.53
       14.85     0.999993     26820273    145635.56
       14.85     0.999994     26820273    154202.35
       14.91     0.999994     26820281    163840.00
       14.97     0.999994     26820292    174762.67
       15.10     0.999995     26820307    187245.71
       15.23     0.999995     26820313    201649.23
       15.36     0.999995     26820322    218453.33
       15.55     0.999996     26820335    238312.73
       15.81     0.999996     26820344    262144.00
       15.94     0.999996     26820349    275941.05
       16.06     0.999997     26820356    291271.11
       16.25     0.999997     26820359    308404.71
       16.51     0.999997     26820365    327680.00
       16.77     0.999997     26820368    349525.33
       17.02     0.999997     26820373    374491.43
       17.41     0.999998     26820380    403298.46
       17.66     0.999998     26820383    436906.67
       18.30     0.999998     26820388    476625.45
       18.94     0.999998     26820393    524288.00
       19.33     0.999998     26820396    551882.11
       19.58     0.999998     26820399    582542.22
       19.71     0.999998     26820401    616809.41
       19.97     0.999998     26820405    655360.00
       20.09     0.999999     26820407    699050.67
       20.35     0.999999     26820412    748982.86
       20.35     0.999999     26820412    806596.92
       20.48     0.999999     26820416    873813.33
       20.48     0.999999     26820416    953250.91
       20.99     0.999999     26820419   1048576.00
       21.12     0.999999     26820420   1103764.21
       21.63     0.999999     26820422   1165084.44
       22.14     0.999999     26820423   1233618.82
       22.27     0.999999     26820424   1310720.00
       22.53     0.999999     26820425   1398101.33
       23.04     0.999999     26820427   1497965.71
       23.17     0.999999     26820429   1613193.85
       23.17     0.999999     26820429   1747626.67
       23.55     0.999999     26820430   1906501.82
       23.93     1.000000     26820432   2097152.00
       23.93     1.000000     26820432   2207528.42
       24.19     1.000000     26820436   2330168.89
       24.19     1.000000     26820436   2467237.65
       24.19     1.000000     26820436   2621440.00
       24.19     1.000000     26820436   2796202.67
       24.19     1.000000     26820436   2995931.43
       24.19     1.000000     26820436   3226387.69
       24.45     1.000000     26820437   3495253.33
       24.45     1.000000     26820437   3813003.64
       24.83     1.000000     26820439   4194304.00
       24.83     1.000000     26820439   4415056.84
       24.83     1.000000     26820439   4660337.78
       24.83     1.000000     26820439   4934475.29
       24.83     1.000000     26820439   5242880.00
       24.96     1.000000     26820440   5592405.33
       24.96     1.000000     26820440   5991862.86
       24.96     1.000000     26820440   6452775.39
       25.09     1.000000     26820442   6990506.67
       25.09     1.000000     26820442   7626007.28
       25.09     1.000000     26820442   8388608.00
       25.09     1.000000     26820442   8830113.68
       25.09     1.000000     26820442   9320675.55
       25.09     1.000000     26820442   9868950.59
       25.09     1.000000     26820442  10485760.00
       25.09     1.000000     26820442  11184810.67
       25.09     1.000000     26820442  11983725.71
       25.09     1.000000     26820442  12905550.76
       25.47     1.000000     26820443  13981013.34
       25.47     1.000000     26820443  15252014.55
       25.47     1.000000     26820443  16777216.00
       25.47     1.000000     26820443  17660227.38
       25.47     1.000000     26820443  18641351.10
       25.47     1.000000     26820443  19737901.19
       25.47     1.000000     26820443  20971519.98
       25.47     1.000000     26820443  22369621.33
       25.47     1.000000     26820443  23967451.45
       25.47     1.000000     26820443  25811101.52
       25.60     1.000000     26820444  27962026.68
       25.60     1.000000     26820444          inf
#[Mean    =        2.032, StdDeviation   =        0.529]
#[Max     =       25.599, Total count    =     26820444]
#[Buckets =           10, SubBuckets     =          256]
