       Value   Percentile   TotalCount 1/(1-Percentile)

        0.45     0.000000            1         1.00
        1.80     0.050000      1339228         1.05
        1.83     0.100000      2868050         1.11
        1.85     0.150000      4306902         1.18
        1.86     0.200000      6290452         1.25
        1.87     0.250000      7465259         1.33
        1.88     0.300000      8729449         1.43
        1.89     0.350000     10059517         1.54
        1.90     0.400000     11403474         1.67
        1.90     0.450000     12736444         1.82
        1.91     0.500000     14027739         2.00
        1.91     0.525000     14027739         2.11
        1.92     0.550000     15244459         2.22
        1.92     0.575000     15244459         2.35
        1.93     0.600000     16353698         2.50
        1.94     0.625000     17347517         2.67
        1.94     0.650000     17347517         2.86
        1.94     0.675000     18223210         3.08
        1.95     0.700000     18979296         3.33
        1.96     0.725000     19625106         3.64
        1.97     0.750000     20161055         4.00
        1.98     0.762500     20601260         4.21
        1.98     0.775000     20601260         4.44
        1.98     0.787500     20962009         4.71
        1.99     0.800000     21253906         5.00
        2.01     0.812500     21679354         5.33
        2.02     0.825000     21953460         5.71
        2.06     0.837500     22272008         6.15
        2.54     0.850000     22529840         6.67
        2.73     0.862500     22939158         7.27
        2.77     0.875000     23242159         8.00
        2.78     0.881250     23465426         8.42
        2.80     0.887500     23734223         8.89
        2.80     0.893750     23734223         9.41
        2.81     0.900000     24035632        10.00
        2.81     0.906250     24035632        10.67
        2.83     0.912500     24356589        11.43
        2.83     0.918750     24356589        12.31
        2.85     0.925000     24679653        13.33
        2.86     0.931250     24985379        14.55
        2.86     0.937500     24985379        16.00
        2.86     0.940625     24985379        16.84
        2.88     0.943750     25260476        17.78
        2.88     0.946875     25260476        18.82
        2.88     0.950000     25260476        20.00
        2.88     0.953125     25260476        21.33
        2.90     0.956250     25494464        22.86
        2.90     0.959375     25494464        24.62
        2.91     0.962500     25688945        26.67
        2.91     0.965625     25688945        29.09
        2.91     0.968750     25688945        32.00
        2.93     0.970313     25845048        33.68
        2.93     0.971875     25845048        35.56
        2.93     0.973437     25845048        37.65
        2.93     0.975000     25845048        40.00
        2.94     0.976562     25968745        42.67
        2.94     0.978125     25968745        45.71
        2.94     0.979688     25968745        49.23
        2.96     0.981250     26064067        53.33
        2.96     0.982812     26064067        58.18
        2.98     0.984375     26136314        64.00
        2.98     0.985156     26136314        67.37
        2.98     0.985938     26136314        71.11
        2.99     0.986719     26191380        75.29
        2.99     0.987500     26191380        80.00
        2.99     0.988281     26191380        85.33
        3.01     0.989062     26232275        91.43
        3.02     0.989844     26262997        98.46
        3.02     0.990625     26262997       106.67
        3.04     0.991406     26285911       116.36
        3.06     0.992188     26303166       128.00
        3.07     0.992578     26316123       134.74
        3.07     0.992969     26316123       142.22
        3.09     0.993359     26325946       150.59
        3.12     0.993750     26340147       160.00
        3.15     0.994141     26349583       170.67
        3.20     0.994531     26359374       182.86
        3.26     0.994922     26368120       196.92
        3.38     0.995313     26378870       213.33
        3.49     0.995703     26388872       232.73
        3.63     0.996094     26398465       256.00
        3.82     0.996289     26403725       269.47
        4.08     0.996484     26408689       284.44
        4.48     0.996680     26414255       301.18
        4.89     0.996875     26419091       320.00
        5.34     0.997070     26424311       341.33
        5.79     0.997266     26429432       365.71
        6.27     0.997461     26434559       393.85
        6.75     0.997656     26439709       426.67
        7.23     0.997852     26444982       465.45
        7.71     0.998047     26450084       512.00
        7.97     0.998145     26452760       538.95
        8.26     0.998242     26455827       568.89
        8.45     0.998340     26457788       602.35
        8.70     0.998437     26460538       640.00
        8.96     0.998535     26463319       682.67
        9.21     0.998633     26466003       731.43
        9.47     0.998730     26468740       787.69
        9.66     0.998828     26470791       853.33
        9.92     0.998926     26473627       930.91
       10.18     0.999023     26476415      1024.00
       10.30     0.999072     26477837      1077.89
       10.37     0.999121     26478609      1137.78
       10.49     0.999170     26480176      1204.71
       10.62     0.999219     26481736      1280.00
       10.69     0.999268     26482553      1365.33
       10.81     0.999316     26484284      1462.86
       10.88     0.999365     26485107      1575.38
       11.01     0.999414     26486904      1706.67
       11.07     0.999463     26487849      1861.82
       11.20     0.999512     26489833      2048.00
       11.20     0.999536     26489833      2155.79
       11.26     0.999561     26490833      2275.56
       11.26     0.999585     26490833      2409.41
       11.33     0.999609     26491833      2560.00
       11.39     0.999634     26492795      2730.67
       11.39     0.999658     26492795      2925.71
       11.46     0.999683     26493674      3150.77
       11.52     0.999707     26494608      3413.33
       11.58     0.999731     26495462      3723.64
       11.58     0.999756     26495462      4096.00
       11.65     0.999768     26496152      4311.58
       11.65     0.999780     26496152      4551.11
       11.71     0.999792     26496894      4818.82
       11.71     0.999805     26496894      5120.00
       11.78     0.999817     26497512      5461.33
       11.78     0.999829     26497512      5851.43
       11.84     0.999841     26497989      6301.54
       11.84     0.999854     26497989      6826.67
       11.90     0.999866     26498483      7447.27
       11.97     0.999878     26498828      8192.00
       11.97     0.999884     26498828      8623.16
       12.03     0.999890     26499110      9102.22
       12.03     0.999896     26499110      9637.65
       12.10     0.999902     26499414     10240.00
       12.10     0.999908     26499414     10922.67
       12.16     0.999915     26499654     11702.86
       12.22     0.999921     26499861     12603.08
       12.22     0.999927     26499861     13653.33
       12.29     0.999933     26500055     14894.55
       12.35     0.999939     26500206     16384.00
       12.41     0.999942     26500341     17246.32
       12.41     0.999945     26500341     18204.44
       12.48     0.999948     26500438     19275.29
       12.54     0.999951     26500539     20480.00
       12.61     0.999954     26500631     21845.33
       12.67     0.999957     26500708     23405.71
       12.73     0.999960     26500807     25206.15
       12.80     0.999963     26500852     27306.67
       12.86     0.999966     26500900     29789.09
       12.99     0.999969     26501008     32768.00
       13.05     0.999971     26501047     34492.63
       13.12     0.999973     26501082     36408.89
       13.18     0.999974     26501121     38550.59
       13.25     0.999976     26501152     40960.00
       13.38     0.999977     26501212     43690.67
       13.44     0.999979     26501240     46811.43
       13.50     0.999980     26501266     50412.31
       13.63     0.999982     26501312     54613.33
       13.76     0.999983     26501349     59578.18
       13.89     0.999985     26501380     65536.00
       14.02     0.999986     26501402     68985.26
       14.21     0.999986     26501428     72817.78
       14.27     0.999987     26501446     77101.18
       14.34     0.999988     26501474     81920.00
       14.40     0.999989     26501483     87381.33
       14.53     0.999989     26501507     93622.86
       14.65     0.999990     26501529    100824.62
       14.78     0.999991     26501543    109226.67
       14.97     0.999992     26501563    119156.36
       15.10     0.999992     26501590    131072.00
       15.17     0.999993     26501602    137970.53
       15.23     0.999993     26501603    145635.56
       15.29     0.999994     26501621    154202.35
       15.36     0.999994     26501629    163840.00
       15.42     0.999994     26501646    174762.67
       15.42     0.999995     26501646    187245.71
       15.55     0.999995     26501660    201649.23
       15.62     0.999995     26501668    218453.33
       15.68     0.999996     26501681    238312.73
       15.74     0.999996     26501687    262144.00
       15.81     0.999996     26501698    275941.05
       15.81     0.999997     26501698    291271.11
       15.87     0.999997     26501702    308404.71
       16.00     0.999997     26501705    327680.00
       16.19     0.999997     26501711    349525.33
       16.32     0.999997     26501716    374491.43
       16.38     0.999998     26501719    403298.46
       16.64     0.999998     26501724    436906.67
       16.89     0.999998     26501732    476625.45
       17.15     0.999998     26501742    524288.00
       17.15     0.999998     26501742    551882.11
       17.15     0.999998     26501742    582542.22
       17.15     0.999998     26501742    616809.41
       17.28     0.999998     26501744    655360.00
       17.66     0.999999     26501747    699050.67
       18.05     0.999999     26501751    748982.86
       18.18     0.999999     26501752    806596.92
       18.43     0.999999     26501755    873813.33
       18.69     0.999999     26501757    953250.91
       18.94     0.999999     26501759   1048576.00
       19.07     0.999999     26501760   1103764.21
       19.33     0.999999     26501762   1165084.44
       19.45     0.999999     26501763   1233618.82
       19.71     0.999999     26501764   1310720.00
       19.84     0.999999     26501767   1398101.33
       19.84     0.999999     26501767   1497965.71
       20.09     0.999999     26501769   1613193.85
       20.09     0.999999     26501769   1747626.67
       20.22     0.999999     26501771   1906501.82
       20.48     1.000000     26501774   2097152.00
       20.48     1.000000     26501774   2207528.42
       20.48     1.000000     26501774   2330168.89
       20.48     1.000000     26501774   2467237.65
       20.48     1.000000     26501774   2621440.00
       20.73     1.000000     26501775   2796202.67
       20.99     1.000000     26501776   2995931.43
       20.99     1.000000     26501776   3226387.69
       21.12     1.000000     26501777   3495253.33
       21.38     1.000000     26501778   3813003.64
       21.38     1.000000     26501778   4194304.00
       21.38     1.000000     26501778   4415056.84
       21.63     1.000000     26501780   4660337.78
       21.63     1.000000     26501780   4934475.29
       21.63     1.000000     26501780   5242880.00
       21.63     1.000000     26501780   5592405.33
       21.63     1.000000     26501780   5991862.86
       21.63     1.000000     26501780   6452775.39
       22.02     1.000000     26501782   6990506.67
       22.02     1.000000     26501782   7626007.28
       22.02     1.000000     26501782   8388608.00
       22.02     1.000000     26501782   8830113.68
       22.02     1.000000     26501782   9320675.55
       22.02     1.000000     26501782   9868950.59
       22.02     1.000000     26501782  10485760.00
       22.02     1.000000     26501782  11184810.67
       22.02     1.000000     26501782  11983725.71
       22.02     1.000000     26501782  12905550.76
       22.14     1.000000     26501784  13981013.34
       22.14     1.000000     26501784          inf
#[Mean    =        2.057, StdDeviation   =        0.523]
#[Max     =       22.143, Total count    =     26501784]
#[Buckets =           10, SubBuckets     =          256]
