       Value   Percentile   TotalCount 1/(1-Percentile)

        0.58     0.000000            1         1.00
        1.81     0.050000       156341         1.05
        1.83     0.100000       281969         1.11
        1.85     0.150000       424098         1.18
        1.86     0.200000       621112         1.25
        1.87     0.250000       737721         1.33
        1.88     0.300000       863747         1.43
        1.89     0.350000       995625         1.54
        1.90     0.400000      1129530         1.67
        1.90     0.450000      1263755         1.82
        1.91     0.500000      1393264         2.00
        1.91     0.525000      1393264         2.11
        1.92     0.550000      1515376         2.22
        1.93     0.575000      1626614         2.35
        1.93     0.600000      1626614         2.50
        1.94     0.625000      1726967         2.67
        1.94     0.650000      1726967         2.86
        1.94     0.675000      1814587         3.08
        1.95     0.700000      1890266         3.33
        1.96     0.725000      1955447         3.64
        1.97     0.750000      2009368         4.00
        1.98     0.762500      2053943         4.21
        1.98     0.775000      2090632         4.44
        1.98     0.787500      2090632         4.71
        2.00     0.800000      2143843         5.00
        2.01     0.812500      2162949         5.33
        2.02     0.825000      2190640         5.71
        2.06     0.837500      2223112         6.15
        2.59     0.850000      2252963         6.67
        2.73     0.862500      2289966         7.27
        2.77     0.875000      2320291         8.00
        2.78     0.881250      2342683         8.42
        2.80     0.887500      2369483         8.89
        2.80     0.893750      2369483         9.41
        2.81     0.900000      2399748        10.00
        2.83     0.906250      2432090        10.67
        2.83     0.912500      2432090        11.43
        2.85     0.918750      2464708        12.31
        2.85     0.925000      2464708        13.33
        2.86     0.931250      2495163        14.55
        2.86     0.937500      2495163        16.00
        2.86     0.940625      2495163        16.84
        2.88     0.943750      2522713        17.78
        2.88     0.946875      2522713        18.82
        2.88     0.950000      2522713        20.00
        2.90     0.953125      2546608        21.33
        2.90     0.956250      2546608        22.86
        2.90     0.959375      2546608        24.62
        2.91     0.962500      2566584        26.67
        2.91     0.965625      2566584        29.09
        2.93     0.968750      2582678        32.00
        2.93     0.970313      2582678        33.68
        2.93     0.971875      2582678        35.56
        2.93     0.973437      2582678        37.65
        2.94     0.975000      2595382        40.00
        2.94     0.976562      2595382        42.67
        2.94     0.978125      2595382        45.71
        2.96     0.979688      2605126        49.23
        2.96     0.981250      2605126        53.33
        2.96     0.982812      2605126        58.18
        2.98     0.984375      2612700        64.00
        2.98     0.985156      2612700        67.37
        2.99     0.985938      2618377        71.11
        2.99     0.986719      2618377        75.29
        2.99     0.987500      2618377        80.00
        3.01     0.988281      2622672        85.33
        3.01     0.989062      2622672        91.43
        3.02     0.989844      2625901        98.46
        3.02     0.990625      2625901       106.67
        3.04     0.991406      2628294       116.36
        3.06     0.992188      2630135       128.00
        3.07     0.992578      2631453       134.74
        3.09     0.992969      2632411       142.22
        3.10     0.993359      2633199       150.59
        3.13     0.993750      2634338       160.00
        3.17     0.994141      2635182       170.67
        3.21     0.994531      2636115       182.86
        3.29     0.994922      2637132       196.92
        3.41     0.995313      2638170       213.33
        3.52     0.995703      2639150       232.73
        3.73     0.996094      2640129       256.00
        3.97     0.996289      2640658       269.47
        4.29     0.996484      2641209       284.44
        4.70     0.996680      2641722       301.18
        5.15     0.996875      2642201       320.00
        5.60     0.997070      2642723       341.33
        6.08     0.997266      2643235       365.71
        6.56     0.997461      2643767       393.85
        7.04     0.997656      2644287       426.67
        7.52     0.997852      2644794       465.45
        8.03     0.998047      2645346       512.00
        8.26     0.998145      2645603       538.95
        8.51     0.998242      2645863       568.89
        8.77     0.998340      2646131       602.35
        8.96     0.998437      2646360       640.00
        9.21     0.998535      2646637       682.67
        9.47     0.998633      2646905       731.43
        9.66     0.998730      2647129       787.69
        9.92     0.998828      2647415       853.33
       10.11     0.998926      2647633       930.91
       10.37     0.999023      2647932      1024.00
       10.49     0.999072      2648108      1077.89
       10.56     0.999121      2648198      1137.78
       10.62     0.999170      2648284      1204.71
       10.75     0.999219      2648453      1280.00
       10.81     0.999268      2648547      1365.33
       10.94     0.999316      2648738      1462.86
       11.01     0.999365      2648836      1575.38
       11.07     0.999414      2648928      1706.67
       11.20     0.999463      2649142      1861.82
       11.26     0.999512      2649238      2048.00
       11.33     0.999536      2649367      2155.79
       11.33     0.999561      2649367      2275.56
       11.39     0.999585      2649477      2409.41
       11.39     0.999609      2649477      2560.00
       11.46     0.999634      2649569      2730.67
       11.52     0.999658      2649678      2925.71
       11.52     0.999683      2649678      3150.77
       11.58     0.999707      2649768      3413.33
       11.58     0.999731      2649768      3723.64
       11.65     0.999756      2649852      4096.00
       11.71     0.999768      2649932      4311.58
       11.71     0.999780      2649932      4551.11
       11.71     0.999792      2649932      4818.82
       11.78     0.999805      2649999      5120.00
       11.78     0.999817      2649999      5461.33
       11.84     0.999829      2650054      5851.43
       11.90     0.999841      2650110      6301.54
       11.90     0.999854      2650110      6826.67
       11.97     0.999866      2650148      7447.27
       12.03     0.999878      2650186      8192.00
       12.03     0.999884      2650186      8623.16
       12.10     0.999890      2650222      9102.22
       12.10     0.999896      2650222      9637.65
       12.10     0.999902      2650222     10240.00
       12.16     0.999908      2650255     10922.67
       12.16     0.999915      2650255     11702.86
       12.22     0.999921      2650278     12603.08
       12.29     0.999927      2650299     13653.33
       12.35     0.999933      2650310     14894.55
       12.41     0.999939      2650325     16384.00
       12.41     0.999942      2650325     17246.32
       12.54     0.999945      2650343     18204.44
       12.54     0.999948      2650343     19275.29
       12.61     0.999951      2650353     20480.00
       12.67     0.999954      2650361     21845.33
       12.73     0.999957      2650375     23405.71
       12.73     0.999960      2650375     25206.15
       12.80     0.999963      2650381     27306.67
       12.99     0.999966      2650391     29789.09
       13.12     0.999969      2650402     32768.00
       13.12     0.999971      2650402     34492.63
       13.18     0.999973      2650408     36408.89
       13.25     0.999974      2650411     38550.59
       13.44     0.999976      2650421     40960.00
       13.44     0.999977      2650421     43690.67
       13.50     0.999979      2650423     46811.43
       13.63     0.999980      2650429     50412.31
       13.70     0.999982      2650431     54613.33
       13.82     0.999983      2650437     59578.18
       13.89     0.999985      2650438     65536.00
       14.02     0.999986      2650440     68985.26
       14.14     0.999986      2650443     72817.78
       14.21     0.999987      2650444     77101.18
       14.40     0.999988      2650447     81920.00
       14.53     0.999989      2650449     87381.33
       14.59     0.999989      2650450     93622.86
       14.72     0.999990      2650453    100824.62
       14.97     0.999991      2650454    109226.67
       15.10     0.999992      2650459    119156.36
       15.10     0.999992      2650459    131072.00
       15.10     0.999993      2650459    137970.53
       15.17     0.999993      2650460    145635.56
       15.29     0.999994      2650462    154202.35
       15.29     0.999994      2650462    163840.00
       15.36     0.999994      2650463    174762.67
       15.42     0.999995      2650464    187245.71
       15.55     0.999995      2650465    201649.23
       15.62     0.999995      2650466    218453.33
       15.68     0.999996      2650469    238312.73
       15.68     0.999996      2650469    262144.00
       15.68     0.999996      2650469    275941.05
       15.68     0.999997      2650469    291271.11
       15.74     0.999997      2650471    308404.71
       15.74     0.999997      2650471    327680.00
       15.74     0.999997      2650471    349525.33
       15.74     0.999997      2650471    374491.43
       15.81     0.999998      2650474    403298.46
       15.81     0.999998      2650474    436906.67
       15.81     0.999998      2650474    476625.45
       15.81     0.999998      2650474    524288.00
       15.81     0.999998      2650474    551882.11
       15.81     0.999998      2650474    582542.22
       15.81     0.999998      2650474    616809.41
       15.81     0.999998      2650474    655360.00
       16.38     0.999999      2650475    699050.67
       16.38     0.999999      2650475    748982.86
       16.38     0.999999      2650475    806596.92
       16.38     0.999999      2650475    873813.33
       17.15     0.999999      2650476    953250.91
       17.15     0.999999      2650476   1048576.00
       17.15     0.999999      2650476   1103764.21
       17.15     0.999999      2650476   1165084.44
       17.15     0.999999      2650476   1233618.82
       17.15     0.999999      2650476   1310720.00
       20.61     0.999999      2650477   1398101.33
       20.61     0.999999      2650477   1497965.71
       20.61     0.999999      2650477   1613193.85
       20.61     0.999999      2650477   1747626.67
       20.61     0.999999      2650477   1906501.82
       20.61     1.000000      2650477   2097152.00
       20.61     1.000000      2650477   2207528.42
       20.61     1.000000      2650477   2330168.89
       20.61     1.000000      2650477   2467237.65
       20.61     1.000000      2650477   2621440.00
       22.27     1.000000      2650478   2796202.67
       22.27     1.000000      2650478          inf
#[Mean    =        2.059, StdDeviation   =        0.532]
#[Max     =       22.271, Total count    =      2650478]
#[Buckets =           10, SubBuckets     =          256]
