       Value   Percentile   TotalCount 1/(1-Percentile)

        0.59     0.000000            1         1.00
        1.74     0.050000       147247         1.05
        1.78     0.100000       276197         1.11
        1.81     0.150000       425393         1.18
        1.82     0.200000       579976         1.25
        1.83     0.250000       674903         1.33
        1.85     0.300000       896135         1.43
        1.85     0.350000      1018004         1.54
        1.86     0.400000      1142719         1.67
        1.87     0.450000      1266913         1.82
        1.88     0.500000      1387094         2.00
        1.89     0.525000      1501562         2.11
        1.89     0.550000      1501562         2.22
        1.90     0.575000      1607072         2.35
        1.90     0.600000      1702270         2.50
        1.90     0.625000      1702270         2.67
        1.91     0.650000      1787023         2.86
        1.92     0.675000      1861194         3.08
        1.93     0.700000      1924325         3.33
        1.94     0.725000      1978404         3.64
        1.94     0.750000      2023819         4.00
        1.95     0.762500      2061443         4.21
        1.96     0.775000      2092512         4.44
        1.97     0.787500      2118343         4.71
        1.98     0.800000      2156338         5.00
        2.00     0.812500      2181716         5.33
        2.05     0.825000      2215970         5.71
        2.58     0.837500      2249573         6.15
        2.65     0.850000      2287120         6.67
        2.70     0.862500      2322518         7.27
        2.73     0.875000      2361646         8.00
        2.75     0.881250      2387660         8.42
        2.75     0.887500      2387660         8.89
        2.77     0.893750      2417421         9.41
        2.77     0.900000      2417421        10.00
        2.78     0.906250      2449732        10.67
        2.78     0.912500      2449732        11.43
        2.80     0.918750      2482870        12.31
        2.80     0.925000      2482870        13.33
        2.81     0.931250      2513983        14.55
        2.83     0.937500      2542583        16.00
        2.83     0.940625      2542583        16.84
        2.83     0.943750      2542583        17.78
        2.83     0.946875      2542583        18.82
        2.85     0.950000      2567250        20.00
        2.85     0.953125      2567250        21.33
        2.85     0.956250      2567250        22.86
        2.86     0.959375      2588081        24.62
        2.86     0.962500      2588081        26.67
        2.88     0.965625      2604984        29.09
        2.88     0.968750      2604984        32.00
        2.88     0.970313      2604984        33.68
        2.90     0.971875      2618513        35.56
        2.90     0.973437      2618513        37.65
        2.90     0.975000      2618513        40.00
        2.91     0.976562      2629020        42.67
        2.91     0.978125      2629020        45.71
        2.91     0.979688      2629020        49.23
        2.93     0.981250      2637265        53.33
        2.93     0.982812      2637265        58.18
        2.94     0.984375      2643598        64.00
        2.94     0.985156      2643598        67.37
        2.96     0.985938      2648562        71.11
        2.96     0.986719      2648562        75.29
        2.98     0.987500      2652290        80.00
        2.98     0.988281      2652290        85.33
        2.99     0.989062      2655106        91.43
        3.01     0.989844      2657239        98.46
        3.01     0.990625      2657239       106.67
        3.04     0.991406      2660156       116.36
        3.07     0.992188      2661987       128.00
        3.09     0.992578      2662603       134.74
        3.12     0.992969      2663581       142.22
        3.18     0.993359      2664748       150.59
        3.28     0.993750      2665714       160.00
        3.36     0.994141      2666884       170.67
        3.39     0.994531      2667709       182.86
        3.42     0.994922      2668817       196.92
        3.46     0.995313      2669823       213.33
        3.50     0.995703      2670907       232.73
        3.63     0.996094      2671932       256.00
        3.79     0.996289      2672439       269.47
        4.08     0.996484      2672927       284.44
        4.45     0.996680      2673496       301.18
        4.86     0.996875      2673988       320.00
        5.28     0.997070      2674517       341.33
        5.76     0.997266      2675056       365.71
        6.21     0.997461      2675552       393.85
        6.69     0.997656      2676088       426.67
        7.20     0.997852      2676626       465.45
        7.68     0.998047      2677135       512.00
        7.90     0.998145      2677380       538.95
        8.19     0.998242      2677642       568.89
        8.45     0.998340      2677909       602.35
        8.70     0.998437      2678177       640.00
        8.96     0.998535      2678426       682.67
        9.21     0.998633      2678702       731.43
        9.47     0.998730      2678972       787.69
        9.73     0.998828      2679238       853.33
        9.98     0.998926      2679487       930.91
       10.24     0.999023      2679766      1024.00
       10.37     0.999072      2679923      1077.89
       10.43     0.999121      2679999      1137.78
       10.56     0.999170      2680128      1204.71
       10.69     0.999219      2680299      1280.00
       10.81     0.999268      2680438      1365.33
       10.88     0.999316      2680524      1462.86
       11.01     0.999365      2680708      1575.38
       11.07     0.999414      2680811      1706.67
       11.13     0.999463      2680923      1861.82
       11.26     0.999512      2681116      2048.00
       11.26     0.999536      2681116      2155.79
       11.33     0.999561      2681237      2275.56
       11.39     0.999585      2681330      2409.41
       11.39     0.999609      2681330      2560.00
       11.46     0.999634      2681423      2730.67
       11.52     0.999658      2681507      2925.71
       11.52     0.999683      2681507      3150.77
       11.58     0.999707      2681598      3413.33
       11.65     0.999731      2681686      3723.64
       11.71     0.999756      2681767      4096.00
       11.71     0.999768      2681767      4311.58
       11.71     0.999780      2681767      4551.11
       11.78     0.999792      2681827      4818.82
       11.84     0.999805      2681894      5120.00
       11.84     0.999817      2681894      5461.33
       11.90     0.999829      2681938      5851.43
       11.90     0.999841      2681938      6301.54
       11.97     0.999854      2682001      6826.67
       11.97     0.999866      2682001      7447.27
       12.03     0.999878      2682041      8192.00
       12.10     0.999884      2682066      8623.16
       12.10     0.999890      2682066      9102.22
       12.16     0.999896      2682102      9637.65
       12.16     0.999902      2682102     10240.00
       12.22     0.999908      2682121     10922.67
       12.29     0.999915      2682137     11702.86
       12.35     0.999921      2682159     12603.08
       12.35     0.999927      2682159     13653.33
       12.48     0.999933      2682180     14894.55
       12.54     0.999939      2682192     16384.00
       12.61     0.999942      2682202     17246.32
       12.67     0.999945      2682212     18204.44
       12.73     0.999948      2682220     19275.29
       12.80     0.999951      2682232     20480.00
       12.80     0.999954      2682232     21845.33
       12.86     0.999957      2682248     23405.71
       12.86     0.999960      2682248     25206.15
       12.93     0.999963      2682257     27306.67
       13.05     0.999966      2682266     29789.09
       13.12     0.999969      2682280     32768.00
       13.12     0.999971      2682280     34492.63
       13.18     0.999973      2682284     36408.89
       13.25     0.999974      2682292     38550.59
       13.25     0.999976      2682292     40960.00
       13.31     0.999977      2682295     43690.67
       13.38     0.999979      2682299     46811.43
       13.44     0.999980      2682304     50412.31
       13.50     0.999982      2682307     54613.33
       13.57     0.999983      2682311     59578.18
       13.70     0.999985      2682315     65536.00
       13.76     0.999986      2682317     68985.26
       13.89     0.999986      2682319     72817.78
       13.95     0.999987      2682323     77101.18
       13.95     0.999988      2682323     81920.00
       14.02     0.999989      2682325     87381.33
       14.08     0.999989      2682326     93622.86
       14.21     0.999990      2682328    100824.62
       14.27     0.999991      2682330    109226.67
       14.40     0.999992      2682332    119156.36
       14.59     0.999992      2682335    131072.00
       14.59     0.999993      2682335    137970.53
       14.65     0.999993      2682336    145635.56
       14.78     0.999994      2682338    154202.35
       14.78     0.999994      2682338    163840.00
       14.91     0.999994      2682341    174762.67
       14.91     0.999995      2682341    187245.71
       14.91     0.999995      2682341    201649.23
       14.97     0.999995      2682343    218453.33
       14.97     0.999996      2682343    238312.73
       15.04     0.999996      2682344    262144.00
       15.29     0.999996      2682345    275941.05
       15.29     0.999997      2682345    291271.11
       15.49     0.999997      2682346    308404.71
       15.49     0.999997      2682346    327680.00
       15.74     0.999997      2682347    349525.33
       15.74     0.999997      2682347    374491.43
       16.77     0.999998      2682348    403298.46
       16.77     0.999998      2682348    436906.67
       16.89     0.999998      2682349    476625.45
       16.89     0.999998      2682349    524288.00
       17.02     0.999998      2682350    551882.11
       17.02     0.999998      2682350    582542.22
       17.02     0.999998      2682350    616809.41
       17.02     0.999998      2682350    655360.00
       17.28     0.999999      2682351    699050.67
       17.28     0.999999      2682351    748982.86
       17.28     0.999999      2682351    806596.92
       17.28     0.999999      2682351    873813.33
       17.41     0.999999      2682352    953250.91
       17.41     0.999999      2682352   1048576.00
       17.41     0.999999      2682352   1103764.21
       17.41     0.999999      2682352   1165084.44
       17.41     0.999999      2682352   1233618.82
       17.41     0.999999      2682352   1310720.00
       20.73     0.999999      2682353   1398101.33
       20.73     0.999999      2682353   1497965.71
       20.73     0.999999      2682353   1613193.85
       20.73     0.999999      2682353   1747626.67
       20.73     0.999999      2682353   1906501.82
       20.73     1.000000      2682353   2097152.00
       20.73     1.000000      2682353   2207528.42
       20.73     1.000000      2682353   2330168.89
       20.73     1.000000      2682353   2467237.65
       20.73     1.000000      2682353   2621440.00
       25.34     1.000000      2682354   2796202.67
       25.34     1.000000      2682354          inf
#[Mean    =        2.034, StdDeviation   =        0.532]
#[Max     =       25.343, Total count    =      2682354]
#[Buckets =           10, SubBuckets     =          256]
