       Value   Percentile   TotalCount 1/(1-Percentile)

        0.45     0.000000            1         1.00
        1.80     0.050000      1470743         1.05
        1.83     0.100000      3150019         1.11
        1.85     0.150000      4731000         1.18
        1.86     0.200000      6911564         1.25
        1.87     0.250000      8202980         1.33
        1.88     0.300000      9593196         1.43
        1.89     0.350000     11055142         1.54
        1.90     0.400000     12533004         1.67
        1.90     0.450000     14000199         1.82
        1.91     0.500000     15421003         2.00
        1.91     0.525000     15421003         2.11
        1.92     0.550000     16759835         2.22
        1.93     0.575000     17980312         2.35
        1.93     0.600000     17980312         2.50
        1.94     0.625000     19074484         2.67
        1.94     0.650000     19074484         2.86
        1.94     0.675000     20037797         3.08
        1.95     0.700000     20869562         3.33
        1.96     0.725000     21580553         3.64
        1.97     0.750000     22170423         4.00
        1.98     0.762500     22655203         4.21
        1.98     0.775000     22655203         4.44
        1.98     0.787500     23052641         4.71
        1.99     0.800000     23374134         5.00
        2.01     0.812500     23842303         5.33
        2.02     0.825000     24144100         5.71
        2.06     0.837500     24495120         6.15
        2.56     0.850000     24790452         6.67
        2.73     0.862500     25229124         7.27
        2.77     0.875000     25562450         8.00
        2.78     0.881250     25808109         8.42
        2.80     0.887500     26103706         8.89
        2.80     0.893750     26103706         9.41
        2.81     0.900000     26435380        10.00
        2.81     0.906250     26435380        10.67
        2.83     0.912500     26788679        11.43
        2.83     0.918750     26788679        12.31
        2.85     0.925000     27144361        13.33
        2.86     0.931250     27480542        14.55
        2.86     0.937500     27480542        16.00
        2.86     0.940625     27480542        16.84
        2.88     0.943750     27783189        17.78
        2.88     0.946875     27783189        18.82
        2.88     0.950000     27783189        20.00
        2.90     0.953125     28041072        21.33
        2.90     0.956250     28041072        22.86
        2.90     0.959375     28041072        24.62
        2.91     0.962500     28255529        26.67
        2.91     0.965625     28255529        29.09
        2.91     0.968750     28255529        32.00
        2.93     0.970313     28427726        33.68
        2.93     0.971875     28427726        35.56
        2.93     0.973437     28427726        37.65
        2.93     0.975000     28427726        40.00
        2.94     0.976562     28564127        42.67
        2.94     0.978125     28564127        45.71
        2.94     0.979688     28564127        49.23
        2.96     0.981250     28669193        53.33
        2.96     0.982812     28669193        58.18
        2.98     0.984375     28749014        64.00
        2.98     0.985156     28749014        67.37
        2.98     0.985938     28749014        71.11
        2.99     0.986719     28809757        75.29
        2.99     0.987500     28809757        80.00
        3.01     0.988281     28854947        85.33
        3.01     0.989062     28854947        91.43
        3.02     0.989844     28888898        98.46
        3.02     0.990625     28888898       106.67
        3.04     0.991406     28914205       116.36
        3.06     0.992188     28933301       128.00
        3.07     0.992578     28947576       134.74
        3.07     0.992969     28947576       142.22
        3.10     0.993359     28966910       150.59
        3.12     0.993750     28973964       160.00
        3.15     0.994141     28984375       170.67
        3.20     0.994531     28995236       182.86
        3.26     0.994922     29004895       196.92
        3.38     0.995313     29016761       213.33
        3.49     0.995703     29027753       232.73
        3.65     0.996094     29038941       256.00
        3.82     0.996289     29044105       269.47
        4.09     0.996484     29049800       284.44
        4.48     0.996680     29055683       301.18
        4.93     0.996875     29061395       320.00
        5.38     0.997070     29067130       341.33
        5.82     0.997266     29072739       365.71
        6.30     0.997461     29078369       393.85
        6.78     0.997656     29084105       426.67
        7.26     0.997852     29089830       465.45
        7.74     0.998047     29095433       512.00
        8.00     0.998145     29098409       538.95
        8.26     0.998242     29101430       568.89
        8.51     0.998340     29104327       602.35
        8.77     0.998437     29107341       640.00
        8.96     0.998535     29109679       682.67
        9.21     0.998633     29112640       731.43
        9.47     0.998730     29115645       787.69
        9.73     0.998828     29118704       853.33
        9.92     0.998926     29121042       930.91
       10.18     0.999023     29124116      1024.00
       10.30     0.999072     29125700      1077.89
       10.43     0.999121     29127364      1137.78
       10.49     0.999170     29128284      1204.71
       10.62     0.999219     29130020      1280.00
       10.69     0.999268     29130925      1365.33
       10.81     0.999316     29132831      1462.86
       10.94     0.999365     29134746      1575.38
       11.01     0.999414     29135740      1706.67
       11.07     0.999463     29136777      1861.82
       11.20     0.999512     29138975      2048.00
       11.20     0.999536     29138975      2155.79
       11.26     0.999561     29140071      2275.56
       11.33     0.999585     29141200      2409.41
       11.33     0.999609     29141200      2560.00
       11.39     0.999634     29142272      2730.67
       11.46     0.999658     29143243      2925.71
       11.46     0.999683     29143243      3150.77
       11.52     0.999707     29144286      3413.33
       11.58     0.999731     29145230      3723.64
       11.58     0.999756     29145230      4096.00
       11.65     0.999768     29146004      4311.58
       11.65     0.999780     29146004      4551.11
       11.71     0.999792     29146826      4818.82
       11.71     0.999805     29146826      5120.00
       11.78     0.999817     29147511      5461.33
       11.78     0.999829     29147511      5851.43
       11.84     0.999841     29148043      6301.54
       11.84     0.999854     29148043      6826.67
       11.90     0.999866     29148593      7447.27
       11.97     0.999878     29148976      8192.00
       11.97     0.999884     29148976      8623.16
       12.03     0.999890     29149296      9102.22
       12.03     0.999896     29149296      9637.65
       12.10     0.999902     29149636     10240.00
       12.10     0.999908     29149636     10922.67
       12.16     0.999915     29149909     11702.86
       12.22     0.999921     29150139     12603.08
       12.22     0.999927     29150139     13653.33
       12.29     0.999933     29150354     14894.55
       12.35     0.999939     29150516     16384.00
       12.41     0.999942     29150666     17246.32
       12.41     0.999945     29150666     18204.44
       12.48     0.999948     29150769     19275.29
       12.54     0.999951     29150882     20480.00
       12.61     0.999954     29150984     21845.33
       12.67     0.999957     29151069     23405.71
       12.73     0.999960     29151182     25206.15
       12.80     0.999963     29151233     27306.67
       12.93     0.999966     29151351     29789.09
       12.99     0.999969     29151399     32768.00
       13.05     0.999971     29151441     34492.63
       13.12     0.999973     29151484     36408.89
       13.18     0.999974     29151529     38550.59
       13.25     0.999976     29151563     40960.00
       13.38     0.999977     29151625     43690.67
       13.44     0.999979     29151661     46811.43
       13.50     0.999980     29151689     50412.31
       13.63     0.999982     29151741     54613.33
       13.76     0.999983     29151782     59578.18
       13.89     0.999985     29151818     65536.00
       14.02     0.999986     29151842     68985.26
       14.21     0.999986     29151872     72817.78
       14.27     0.999987     29151890     77101.18
       14.34     0.999988     29151918     81920.00
       14.40     0.999989     29151930     87381.33
       14.53     0.999989     29151956     93622.86
       14.65     0.999990     29151980    100824.62
       14.78     0.999991     29151996    109226.67
       15.04     0.999992     29152020    119156.36
       15.10     0.999992     29152049    131072.00
       15.17     0.999993     29152062    137970.53
       15.17     0.999993     29152062    145635.56
       15.29     0.999994     29152083    154202.35
       15.36     0.999994     29152092    163840.00
       15.42     0.999994     29152110    174762.67
       15.42     0.999995     29152110    187245.71
       15.55     0.999995     29152125    201649.23
       15.62     0.999995     29152134    218453.33
       15.68     0.999996     29152150    238312.73
       15.74     0.999996     29152158    262144.00
       15.74     0.999996     29152158    275941.05
       15.81     0.999997     29152172    291271.11
       15.81     0.999997     29152172    308404.71
       15.87     0.999997     29152176    327680.00
       16.00     0.999997     29152179    349525.33
       16.19     0.999997     29152185    374491.43
       16.32     0.999998     29152190    403298.46
       16.51     0.999998     29152198    436906.67
       16.77     0.999998     29152203    476625.45
       16.89     0.999998     29152207    524288.00
       17.15     0.999998     29152218    551882.11
       17.15     0.999998     29152218    582542.22
       17.15     0.999998     29152218    616809.41
       17.15     0.999998     29152218    655360.00
       17.41     0.999999     29152221    699050.67
       17.79     0.999999     29152224    748982.86
       18.05     0.999999     29152227    806596.92
       18.43     0.999999     29152231    873813.33
       18.69     0.999999     29152233    953250.91
       18.94     0.999999     29152235   1048576.00
       19.07     0.999999     29152236   1103764.21
       19.33     0.999999     29152238   1165084.44
       19.45     0.999999     29152239   1233618.82
       19.71     0.999999     29152240   1310720.00
       19.84     0.999999     29152243   1398101.33
       19.84     0.999999     29152243   1497965.71
       20.09     0.999999     29152245   1613193.85
       20.22     0.999999     29152247   1747626.67
       20.22     0.999999     29152247   1906501.82
       20.48     1.000000     29152250   2097152.00
       20.48     1.000000     29152250   2207528.42
       20.48     1.000000     29152250   2330168.89
       20.61     1.000000     29152251   2467237.65
       20.61     1.000000     29152251   2621440.00
       20.73     1.000000     29152252   2796202.67
       20.99     1.000000     29152253   2995931.43
       20.99     1.000000     29152253   3226387.69
       21.12     1.000000     29152254   3495253.33
       21.38     1.000000     29152255   3813003.64
       21.63     1.000000     29152257   4194304.00
       21.63     1.000000     29152257   4415056.84
       21.63     1.000000     29152257   4660337.78
       21.63     1.000000     29152257   4934475.29
       21.63     1.000000     29152257   5242880.00
       21.63     1.000000     29152257   5592405.33
       22.02     1.000000     29152259   5991862.86
       22.02     1.000000     29152259   6452775.39
       22.02     1.000000     29152259   6990506.67
       22.02     1.000000     29152259   7626007.28
       22.02     1.000000     29152259   8388608.00
       22.02     1.000000     29152259   8830113.68
       22.02     1.000000     29152259   9320675.55
       22.14     1.000000     29152261   9868950.59
       22.14     1.000000     29152261  10485760.00
       22.14     1.000000     29152261  11184810.67
       22.14     1.000000     29152261  11983725.71
       22.14     1.000000     29152261  12905550.76
       22.14     1.000000     29152261  13981013.34
       22.14     1.000000     29152261  15252014.55
       22.14     1.000000     29152261  16777216.00
       22.14     1.000000     29152261  17660227.38
       22.14     1.000000     29152261  18641351.10
       22.14     1.000000     29152261  19737901.19
       22.14     1.000000     29152261  20971519.98
       22.14     1.000000     29152261  22369621.33
       22.14     1.000000     29152261  23967451.45
       22.14     1.000000     29152261  25811101.52
       22.14     1.000000     29152261  27962026.68
       22.27     1.000000     29152262  30504029.05
       22.27     1.000000     29152262          inf
#[Mean    =        2.057, StdDeviation   =        0.524]
#[Max     =       22.271, Total count    =     29152262]
#[Buckets =           10, SubBuckets     =          256]
