       Value   Percentile   TotalCount 1/(1-Percentile)

        0.20     0.000000            1         1.00
        1.40     0.050000      1360159         1.05
        1.49     0.100000      2745226         1.11
        1.53     0.150000      4026413         1.18
        1.56     0.200000      5451411         1.25
        1.58     0.250000      6718949         1.33
        1.61     0.300000      8084317         1.43
        1.63     0.350000      9446589         1.54
        1.66     0.400000     10712164         1.67
        1.68     0.450000     11809276         1.82
        1.72     0.500000     13211556         2.00
        1.74     0.525000     13822297         2.11
        1.77     0.550000     14460522         2.22
        1.81     0.575000     15061416         2.35
        1.84     0.600000     15798215         2.50
        1.86     0.625000     16452215         2.67
        1.89     0.650000     17116471         2.86
        1.91     0.675000     17696727         3.08
        1.95     0.700000     18337249         3.33
        2.13     0.725000     18932088         3.64
        2.30     0.750000     19570782         4.00
        2.35     0.762500     19978402         4.21
        2.38     0.775000     20308451         4.44
        2.42     0.787500     20668422         4.71
        2.45     0.800000     21035220         5.00
        2.46     0.812500     21214149         5.33
        2.50     0.825000     21551670         5.71
        2.54     0.837500     21981737         6.15
        2.58     0.850000     22216880         6.67
        2.62     0.862500     22506253         7.27
        2.70     0.875000     22908022         8.00
        2.73     0.881250     23070925         8.42
        2.77     0.887500     23246731         8.89
        2.78     0.893750     23337316         9.41
        2.81     0.900000     23517223        10.00
        2.85     0.906250     23684604        10.67
        2.88     0.912500     23831718        11.43
        2.93     0.918750     24007915        12.31
        2.98     0.925000     24147810        13.33
        3.04     0.931250     24330215        14.55
        3.09     0.937500     24501667        16.00
        3.10     0.940625     24567970        16.84
        3.12     0.943750     24638221        17.78
        3.13     0.946875     24711399        18.82
        3.17     0.950000     24863216        20.00
        3.18     0.953125     24937879        21.33
        3.20     0.956250     25010454        22.86
        3.21     0.959375     25078781        24.62
        3.23     0.962500     25142075        26.67
        3.25     0.965625     25199944        29.09
        3.28     0.968750     25296520        32.00
        3.29     0.970313     25335478        33.68
        3.31     0.971875     25368841        35.56
        3.34     0.973437     25421334        37.65
        3.36     0.975000     25442014        40.00
        3.41     0.976562     25487263        42.67
        3.47     0.978125     25526079        45.71
        3.57     0.979688     25564788        49.23
        3.73     0.981250     25604995        53.33
        3.95     0.982812     25645210        58.18
        4.32     0.984375     25685829        64.00
        4.74     0.985156     25707191        67.37
        5.05     0.985938     25728664        71.11
        5.28     0.986719     25747948        75.29
        5.73     0.987500     25767260        80.00
        6.30     0.988281     25787679        85.33
        7.23     0.989062     25807881        91.43
        8.32     0.989844     25829112        98.46
        9.34     0.990625     25848872       106.67
       10.43     0.991406     25869075       116.36
       11.90     0.992188     25889903       128.00
       13.12     0.992578     25899793       134.74
       14.08     0.992969     25909864       142.22
       15.62     0.993359     25920171       150.59
       17.15     0.993750     25930920       160.00
       17.54     0.994141     25956624       170.67
       17.54     0.994531     25956624       182.86
       17.66     0.994922     25995152       196.92
       17.66     0.995313     25995152       213.33
       17.66     0.995703     25995152       232.73
       17.66     0.996094     25995152       256.00
       17.79     0.996289     26016931       269.47
       17.79     0.996484     26016931       284.44
       17.79     0.996680     26016931       301.18
       17.79     0.996875     26016931       320.00
       17.79     0.997070     26016931       341.33
       17.92     0.997266     26022963       365.71
       18.18     0.997461     26029330       393.85
       18.43     0.997656     26032974       426.67
       18.82     0.997852     26037317       465.45
       19.07     0.998047     26044482       512.00
       19.20     0.998145     26052762       538.95
       19.20     0.998242     26052762       568.89
       19.20     0.998340     26052762       602.35
       19.20     0.998437     26052762       640.00
       19.33     0.998535     26057725       682.67
       19.33     0.998633     26057725       731.43
       19.84     0.998730     26060233       787.69
       21.38     0.998828     26062787       853.33
       21.63     0.998926     26065491       930.91
       22.14     0.999023     26067830      1024.00
       23.04     0.999072     26069047      1077.89
       23.81     0.999121     26070251      1137.78
       25.21     0.999170     26071503      1204.71
       25.47     0.999219     26072886      1280.00
       25.60     0.999268     26076616      1365.33
       25.60     0.999316     26076616      1462.86
       25.60     0.999365     26076616      1575.38
       25.73     0.999414     26080953      1706.67
       25.73     0.999463     26080953      1861.82
       25.73     0.999512     26080953      2048.00
       25.86     0.999536     26082459      2155.79
       25.86     0.999561     26082459      2275.56
       25.86     0.999585     26082459      2409.41
       25.98     0.999609     26083011      2560.00
       26.24     0.999634     26083884      2730.67
       26.50     0.999658     26084342      2925.71
       26.88     0.999683     26084912      3150.77
       27.14     0.999707     26086164      3413.33
       27.14     0.999731     26086164      3723.64
       27.26     0.999756     26087098      4096.00
       27.26     0.999768     26087098      4311.58
       27.39     0.999780     26087456      4551.11
       27.90     0.999792     26087787      4818.82
       28.93     0.999805     26088078      5120.00
       29.31     0.999817     26088387      5461.33
       29.57     0.999829     26089103      5851.43
       29.57     0.999841     26089103      6301.54
       29.70     0.999854     26089836      6826.67
       29.70     0.999866     26089836      7447.27
       29.82     0.999878     26090236      8192.00
       29.82     0.999884     26090236      8623.16
       29.95     0.999890     26090336      9102.22
       30.21     0.999896     26090530      9637.65
       30.34     0.999902     26090628     10240.00
       30.72     0.999908     26090806     10922.67
       30.98     0.999915     26090997     11702.86
       31.10     0.999921     26091145     12603.08
       31.23     0.999927     26091312     13653.33
       31.36     0.999933     26091399     14894.55
       32.38     0.999939     26091563     16384.00
       33.02     0.999942     26091664     17246.32
       33.53     0.999945     26091839     18204.44
       33.53     0.999948     26091839     19275.29
       33.79     0.999951     26092158     20480.00
       33.79     0.999954     26092158     21845.33
       33.79     0.999957     26092158     23405.71
       33.79     0.999960     26092158     25206.15
       34.05     0.999963     26092224     27306.67
       34.30     0.999966     26092277     29789.09
       34.81     0.999969     26092358     32768.00
       35.07     0.999971     26092411     34492.63
       35.33     0.999973     26092491     36408.89
       35.33     0.999974     26092491     38550.59
       35.84     0.999976     26092521     40960.00
       36.61     0.999977     26092549     43690.67
       37.38     0.999979     26092600     46811.43
       37.63     0.999980     26092688     50412.31
       37.63     0.999982     26092688     54613.33
       37.89     0.999983     26092735     59578.18
       38.14     0.999985     26092768     65536.00
       38.14     0.999986     26092768     68985.26
       38.91     0.999986     26092792     72817.78
       39.17     0.999987     26092814     77101.18
       39.42     0.999988     26092829     81920.00
       40.19     0.999989     26092853     87381.33
       40.45     0.999989     26092880     93622.86
       40.70     0.999990     26092896    100824.62
       41.73     0.999991     26092954    109226.67
       41.73     0.999992     26092954    119156.36
       41.73     0.999992     26092954    131072.00
       41.98     0.999993     26092976    137970.53
       41.98     0.999993     26092976    145635.56
       42.24     0.999994     26092983    154202.35
       43.01     0.999994     26092992    163840.00
       43.26     0.999994     26093008    174762.67
       43.26     0.999995     26093008    187245.71
       45.57     0.999995     26093073    201649.23
       45.57     0.999995     26093073    218453.33
       45.57     0.999996     26093073    238312.73
       45.57     0.999996     26093073    262144.00
       45.57     0.999996     26093073    275941.05
       45.57     0.999997     26093073    291271.11
       45.57     0.999997     26093073    308404.71
       45.57     0.999997     26093073    327680.00
       45.57     0.999997     26093073    349525.33
       45.82     0.999997     26093108    374491.43
       45.82     0.999998     26093108    403298.46
       45.82     0.999998     26093108    436906.67
       45.82     0.999998     26093108    476625.45
       45.82     0.999998     26093108    524288.00
       45.82     0.999998     26093108    551882.11
       45.82     0.999998     26093108    582542.22
       45.82     0.999998     26093108    616809.41
       45.82     0.999998     26093108    655360.00
       46.08     0.999999     26093110    699050.67
       46.34     0.999999     26093113    748982.86
       46.59     0.999999     26093115    806596.92
       47.10     0.999999     26093125    873813.33
       47.10     0.999999     26093125    953250.91
       47.10     0.999999     26093125   1048576.00
       47.10     0.999999     26093125   1103764.21
       47.10     0.999999     26093125   1165084.44
       47.10     0.999999     26093125   1233618.82
       47.36     0.999999     26093143   1310720.00
       47.36     0.999999     26093143   1398101.33
       47.36     0.999999     26093143   1497965.71
       47.36     0.999999     26093143   1613193.85
       47.36     0.999999     26093143   1747626.67
       47.36     0.999999     26093143   1906501.82
       47.36     1.000000     26093143   2097152.00
       47.36     1.000000     26093143   2207528.42
       47.36     1.000000     26093143   2330168.89
       47.36     1.000000     26093143   2467237.65
       47.36     1.000000     26093143   2621440.00
       47.36     1.000000     26093143   2796202.67
       47.36     1.000000     26093143   2995931.43
       47.36     1.000000     26093143   3226387.69
       47.36     1.000000     26093143   3495253.33
       47.36     1.000000     26093143   3813003.64
       47.36     1.000000     26093143   4194304.00
       47.36     1.000000     26093143   4415056.84
       47.36     1.000000     26093143   4660337.78
       47.36     1.000000     26093143   4934475.29
       47.36     1.000000     26093143   5242880.00
       47.36     1.000000     26093143   5592405.33
       47.36     1.000000     26093143   5991862.86
       47.36     1.000000     26093143   6452775.39
       47.36     1.000000     26093143   6990506.67
       47.36     1.000000     26093143   7626007.28
       47.36     1.000000     26093143   8388608.00
       47.62     1.000000     26093146   8830113.68
       47.62     1.000000     26093146          inf
#[Mean    =        2.088, StdDeviation   =        1.652]
#[Max     =       47.615, Total count    =     26093146]
#[Buckets =           10, SubBuckets     =          256]
