       Value   Percentile   TotalCount 1/(1-Percentile)

        0.26     0.000000            1         1.00
        1.41     0.050000       135279         1.05
        1.50     0.100000       277905         1.11
        1.53     0.150000       411404         1.18
        1.57     0.200000       558200         1.25
        1.59     0.250000       687290         1.33
        1.61     0.300000       824875         1.43
        1.63     0.350000       915352         1.54
        1.66     0.400000      1083622         1.67
        1.69     0.450000      1190343         1.82
        1.73     0.500000      1324742         2.00
        1.75     0.525000      1383307         2.11
        1.78     0.550000      1445481         2.22
        1.81     0.575000      1508379         2.35
        1.85     0.600000      1586466         2.50
        1.87     0.625000      1652961         2.67
        1.89     0.650000      1696931         2.86
        1.92     0.675000      1771653         3.08
        1.96     0.700000      1827961         3.33
        2.19     0.725000      1892872         3.64
        2.33     0.750000      1969927         4.00
        2.37     0.762500      2001397         4.21
        2.40     0.775000      2036477         4.44
        2.42     0.787500      2055114         4.71
        2.45     0.800000      2092298         5.00
        2.48     0.812500      2127568         5.33
        2.51     0.825000      2160165         5.71
        2.54     0.837500      2188394         6.15
        2.59     0.850000      2223095         6.67
        2.64     0.862500      2250887         7.27
        2.70     0.875000      2283684         8.00
        2.73     0.881250      2300656         8.42
        2.77     0.887500      2318661         8.89
        2.80     0.893750      2337629         9.41
        2.83     0.900000      2355604        10.00
        2.86     0.906250      2371868        10.67
        2.90     0.912500      2385821        11.43
        2.94     0.918750      2402380        12.31
        2.99     0.925000      2415884        13.33
        3.06     0.931250      2435007        14.55
        3.09     0.937500      2447002        16.00
        3.12     0.940625      2460230        16.84
        3.13     0.943750      2467708        17.78
        3.15     0.946875      2475280        18.82
        3.17     0.950000      2483135        20.00
        3.18     0.953125      2490624        21.33
        3.20     0.956250      2497954        22.86
        3.21     0.959375      2504939        24.62
        3.25     0.962500      2517633        26.67
        3.26     0.965625      2522791        29.09
        3.29     0.968750      2531531        32.00
        3.31     0.970313      2535085        33.68
        3.33     0.971875      2538100        35.56
        3.34     0.973437      2540653        37.65
        3.38     0.975000      2544680        40.00
        3.42     0.976562      2548974        42.67
        3.49     0.978125      2552716        45.71
        3.60     0.979688      2556885        49.23
        3.77     0.981250      2560959        53.33
        4.00     0.982812      2564922        58.18
        4.42     0.984375      2568853        64.00
        4.86     0.985156      2571082        67.37
        5.12     0.985938      2573198        71.11
        5.38     0.986719      2574983        75.29
        5.89     0.987500      2577023        80.00
        6.53     0.988281      2579118        85.33
        7.46     0.989062      2581109        91.43
        8.45     0.989844      2583152        98.46
        9.54     0.990625      2585177       106.67
       10.75     0.991406      2587212       116.36
       12.29     0.992188      2589290       128.00
       13.57     0.992578      2590329       134.74
       14.53     0.992969      2591317       142.22
       16.00     0.993359      2592301       150.59
       17.28     0.993750      2593446       160.00
       17.54     0.994141      2595612       170.67
       17.54     0.994531      2595612       182.86
       17.66     0.994922      2599633       196.92
       17.66     0.995313      2599633       213.33
       17.66     0.995703      2599633       232.73
       17.66     0.996094      2599633       256.00
       17.79     0.996289      2602030       269.47
       17.79     0.996484      2602030       284.44
       17.79     0.996680      2602030       301.18
       17.79     0.996875      2602030       320.00
       17.79     0.997070      2602030       341.33
       17.92     0.997266      2602596       365.71
       18.18     0.997461      2603228       393.85
       18.43     0.997656      2603577       426.67
       18.94     0.997852      2604186       465.45
       19.07     0.998047      2604732       512.00
       19.20     0.998145      2605556       538.95
       19.20     0.998242      2605556       568.89
       19.20     0.998340      2605556       602.35
       19.20     0.998437      2605556       640.00
       19.33     0.998535      2606103       682.67
       19.33     0.998633      2606103       731.43
       19.71     0.998730      2606342       787.69
       21.25     0.998828      2606570       853.33
       21.63     0.998926      2606862       930.91
       22.14     0.999023      2607102      1024.00
       23.04     0.999072      2607231      1077.89
       23.55     0.999121      2607346      1137.78
       25.09     0.999170      2607466      1204.71
       25.47     0.999219      2607626      1280.00
       25.60     0.999268      2607951      1365.33
       25.60     0.999316      2607951      1462.86
       25.73     0.999365      2608392      1575.38
       25.73     0.999414      2608392      1706.67
       25.73     0.999463      2608392      1861.82
       25.73     0.999512      2608392      2048.00
       25.86     0.999536      2608548      2155.79
       25.86     0.999561      2608548      2275.56
       25.86     0.999585      2608548      2409.41
       26.11     0.999609      2608636      2560.00
       26.24     0.999634      2608680      2730.67
       26.50     0.999658      2608740      2925.71
       26.88     0.999683      2608802      3150.77
       27.14     0.999707      2608922      3413.33
       27.26     0.999731      2609002      3723.64
       27.26     0.999756      2609002      4096.00
       27.39     0.999768      2609038      4311.58
       27.52     0.999780      2609055      4551.11
       28.16     0.999792      2609093      4818.82
       29.05     0.999805      2609122      5120.00
       29.31     0.999817      2609154      5461.33
       29.57     0.999829      2609224      5851.43
       29.57     0.999841      2609224      6301.54
       29.70     0.999854      2609308      6826.67
       29.70     0.999866      2609308      7447.27
       29.82     0.999878      2609337      8192.00
       29.82     0.999884      2609337      8623.16
       29.95     0.999890      2609350      9102.22
       30.08     0.999896      2609362      9637.65
       30.21     0.999902      2609375     10240.00
       30.46     0.999908      2609394     10922.67
       30.85     0.999915      2609413     11702.86
       30.98     0.999921      2609425     12603.08
       31.23     0.999927      2609446     13653.33
       31.36     0.999933      2609454     14894.55
       32.38     0.999939      2609469     16384.00
       33.02     0.999942      2609481     17246.32
       33.28     0.999945      2609487     18204.44
       33.53     0.999948      2609494     19275.29
       33.79     0.999951      2609528     20480.00
       33.79     0.999954      2609528     21845.33
       33.79     0.999957      2609528     23405.71
       33.79     0.999960      2609528     25206.15
       34.05     0.999963      2609537     27306.67
       34.56     0.999966      2609545     29789.09
       34.81     0.999969      2609549     32768.00
       35.33     0.999971      2609565     34492.63
       35.33     0.999973      2609565     36408.89
       35.33     0.999974      2609565     38550.59
       35.33     0.999976      2609565     40960.00
       35.58     0.999977      2609569     43690.67
       36.09     0.999979      2609573     46811.43
       37.12     0.999980      2609577     50412.31
       37.63     0.999982      2609587     54613.33
       37.63     0.999983      2609587     59578.18
       37.89     0.999985      2609592     65536.00
       37.89     0.999986      2609592     68985.26
       38.14     0.999986      2609596     72817.78
       38.14     0.999987      2609596     77101.18
       39.42     0.999988      2609598     81920.00
       39.94     0.999989      2609599     87381.33
       40.45     0.999989      2609601     93622.86
       41.22     0.999990      2609603    100824.62
       41.73     0.999991      2609608    109226.67
       41.73     0.999992      2609608    119156.36
       41.98     0.999992      2609609    131072.00
       43.26     0.999993      2609610    137970.53
       45.57     0.999993      2609615    145635.56
       45.57     0.999994      2609615    154202.35
       45.57     0.999994      2609615    163840.00
       45.57     0.999994      2609615    174762.67
       45.57     0.999995      2609615    187245.71
       45.82     0.999995      2609619    201649.23
       45.82     0.999995      2609619    218453.33
       45.82     0.999996      2609619    238312.73
       45.82     0.999996      2609619    262144.00
       45.82     0.999996      2609619    275941.05
       47.10     0.999997      2609623    291271.11
       47.10     0.999997      2609623    308404.71
       47.10     0.999997      2609623    327680.00
       47.10     0.999997      2609623    349525.33
       47.10     0.999997      2609623    374491.43
       47.10     0.999998      2609623    403298.46
       47.10     0.999998      2609623    436906.67
       47.10     0.999998      2609623    476625.45
       47.36     0.999998      2609625    524288.00
       47.36     0.999998      2609625    551882.11
       47.36     0.999998      2609625    582542.22
       47.36     0.999998      2609625    616809.41
       47.36     0.999998      2609625    655360.00
       47.36     0.999999      2609625    699050.67
       47.36     0.999999      2609625    748982.86
       47.36     0.999999      2609625    806596.92
       47.62     0.999999      2609627    873813.33
       47.62     0.999999      2609627    953250.91
       47.62     0.999999      2609627   1048576.00
       47.62     0.999999      2609627   1103764.21
       47.62     0.999999      2609627   1165084.44
       47.62     0.999999      2609627   1233618.82
       47.62     0.999999      2609627   1310720.00
       47.62     0.999999      2609627   1398101.33
       47.62     0.999999      2609627   1497965.71
       47.62     0.999999      2609627   1613193.85
       47.62     0.999999      2609627   1747626.67
       47.62     0.999999      2609627   1906501.82
       47.62     1.000000      2609627   2097152.00
       47.62     1.000000      2609627   2207528.42
       47.62     1.000000      2609627   2330168.89
       47.62     1.000000      2609627   2467237.65
       47.87     1.000000      2609628   2621440.00
       47.87     1.000000      2609628          inf
#[Mean    =        2.099, StdDeviation   =        1.662]
#[Max     =       47.871, Total count    =      2609628]
#[Buckets =           10, SubBuckets     =          256]
