       Value   Percentile   TotalCount 1/(1-Percentile)

        0.20     0.000000            1         1.00
        1.40     0.050000      1488426         1.05
        1.49     0.100000      3003132         1.11
        1.53     0.150000      4406511         1.18
        1.56     0.200000      5969756         1.25
        1.58     0.250000      7361763         1.33
        1.61     0.300000      8863030         1.43
        1.63     0.350000     10361941         1.54
        1.66     0.400000     11755884         1.67
        1.68     0.450000     12966195         1.82
        1.72     0.500000     14513459         2.00
        1.74     0.525000     15187584         2.11
        1.77     0.550000     15891140         2.22
        1.81     0.575000     16552928         2.35
        1.84     0.600000     17363674         2.50
        1.86     0.625000     18082735         2.67
        1.89     0.650000     18813402         2.86
        1.91     0.675000     19451896         3.08
        1.95     0.700000     20157082         3.33
        2.13     0.725000     20812175         3.64
        2.32     0.750000     21649381         4.00
        2.35     0.762500     21963343         4.21
        2.38     0.775000     22326983         4.44
        2.42     0.787500     22723536         4.71
        2.45     0.800000     23127518         5.00
        2.46     0.812500     23324354         5.33
        2.50     0.825000     23695957         5.71
        2.54     0.837500     24170131         6.15
        2.58     0.850000     24429402         6.67
        2.64     0.862500     24842011         7.27
        2.70     0.875000     25191706         8.00
        2.73     0.881250     25371581         8.42
        2.77     0.887500     25565392         8.89
        2.78     0.893750     25665397         9.41
        2.81     0.900000     25863981        10.00
        2.85     0.906250     26048512        10.67
        2.88     0.912500     26210920        11.43
        2.93     0.918750     26405348        12.31
        2.98     0.925000     26559284        13.33
        3.04     0.931250     26760049        14.55
        3.09     0.937500     26948669        16.00
        3.10     0.940625     27021375        16.84
        3.12     0.943750     27098451        17.78
        3.13     0.946875     27179107        18.82
        3.17     0.950000     27346351        20.00
        3.18     0.953125     27428503        21.33
        3.20     0.956250     27508408        22.86
        3.21     0.959375     27583720        24.62
        3.23     0.962500     27653691        26.67
        3.25     0.965625     27717577        29.09
        3.28     0.968750     27824030        32.00
        3.29     0.970313     27867009        33.68
        3.31     0.971875     27903926        35.56
        3.34     0.973437     27961987        37.65
        3.38     0.975000     28004066        40.00
        3.41     0.976562     28035009        42.67
        3.47     0.978125     28078003        45.71
        3.57     0.979688     28120750        49.23
        3.73     0.981250     28165020        53.33
        3.97     0.982812     28212281        58.18
        4.35     0.984375     28256376        64.00
        4.74     0.985156     28277543        67.37
        5.05     0.985938     28301213        71.11
        5.28     0.986719     28322399        75.29
        5.76     0.987500     28344937        80.00
        6.33     0.988281     28367236        85.33
        7.26     0.989062     28389237        91.43
        8.32     0.989844     28411889        98.46
        9.41     0.990625     28434930       106.67
       10.49     0.991406     28456763       116.36
       11.90     0.992188     28478797       128.00
       13.18     0.992578     28490201       134.74
       14.14     0.992969     28501274       142.22
       15.62     0.993359     28512272       150.59
       17.15     0.993750     28524132       160.00
       17.54     0.994141     28552236       170.67
       17.54     0.994531     28552236       182.86
       17.66     0.994922     28594785       196.92
       17.66     0.995313     28594785       213.33
       17.66     0.995703     28594785       232.73
       17.66     0.996094     28594785       256.00
       17.79     0.996289     28618961       269.47
       17.79     0.996484     28618961       284.44
       17.79     0.996680     28618961       301.18
       17.79     0.996875     28618961       320.00
       17.79     0.997070     28618961       341.33
       17.92     0.997266     28625559       365.71
       18.18     0.997461     28632558       393.85
       18.43     0.997656     28636551       426.67
       18.82     0.997852     28641298       465.45
       19.07     0.998047     28649214       512.00
       19.20     0.998145     28658318       538.95
       19.20     0.998242     28658318       568.89
       19.20     0.998340     28658318       602.35
       19.20     0.998437     28658318       640.00
       19.33     0.998535     28663828       682.67
       19.33     0.998633     28663828       731.43
       19.84     0.998730     28666604       787.69
       21.38     0.998828     28669389       853.33
       21.63     0.998926     28672353       930.91
       22.14     0.999023     28674932      1024.00
       23.04     0.999072     28676278      1077.89
       23.68     0.999121     28677547      1137.78
       25.21     0.999170     28678997      1204.71
       25.47     0.999219     28680512      1280.00
       25.60     0.999268     28684567      1365.33
       25.60     0.999316     28684567      1462.86
       25.60     0.999365     28684567      1575.38
       25.73     0.999414     28689345      1706.67
       25.73     0.999463     28689345      1861.82
       25.73     0.999512     28689345      2048.00
       25.86     0.999536     28691007      2155.79
       25.86     0.999561     28691007      2275.56
       25.86     0.999585     28691007      2409.41
       25.98     0.999609     28691610      2560.00
       26.24     0.999634     28692564      2730.67
       26.50     0.999658     28693082      2925.71
       26.88     0.999683     28693714      3150.77
       27.14     0.999707     28695086      3413.33
       27.14     0.999731     28695086      3723.64
       27.26     0.999756     28696100      4096.00
       27.39     0.999768     28696494      4311.58
       27.39     0.999780     28696494      4551.11
       27.90     0.999792     28696866      4818.82
       28.93     0.999805     28697191      5120.00
       29.31     0.999817     28697541      5461.33
       29.57     0.999829     28698327      5851.43
       29.57     0.999841     28698327      6301.54
       29.70     0.999854     28699144      6826.67
       29.70     0.999866     28699144      7447.27
       29.82     0.999878     28699573      8192.00
       29.82     0.999884     28699573      8623.16
       29.95     0.999890     28699686      9102.22
       30.21     0.999896     28699905      9637.65
       30.34     0.999902     28700017     10240.00
       30.72     0.999908     28700211     10922.67
       30.98     0.999915     28700422     11702.86
       31.10     0.999921     28700577     12603.08
       31.23     0.999927     28700758     13653.33
       31.36     0.999933     28700853     14894.55
       32.38     0.999939     28701032     16384.00
       33.02     0.999942     28701145     17246.32
       33.53     0.999945     28701333     18204.44
       33.53     0.999948     28701333     19275.29
       33.79     0.999951     28701686     20480.00
       33.79     0.999954     28701686     21845.33
       33.79     0.999957     28701686     23405.71
       33.79     0.999960     28701686     25206.15
       34.05     0.999963     28701761     27306.67
       34.30     0.999966     28701817     29789.09
       34.81     0.999969     28701907     32768.00
       35.07     0.999971     28701963     34492.63
       35.33     0.999973     28702056     36408.89
       35.33     0.999974     28702056     38550.59
       35.84     0.999976     28702091     40960.00
       36.35     0.999977     28702119     43690.67
       37.38     0.999979     28702179     46811.43
       37.63     0.999980     28702275     50412.31
       37.63     0.999982     28702275     54613.33
       37.89     0.999983     28702327     59578.18
       38.14     0.999985     28702364     65536.00
       38.14     0.999986     28702364     68985.26
       38.91     0.999986     28702388     72817.78
       39.17     0.999987     28702410     77101.18
       39.42     0.999988     28702427     81920.00
       39.94     0.999989     28702446     87381.33
       40.45     0.999989     28702481     93622.86
       40.70     0.999990     28702497    100824.62
       41.73     0.999991     28702562    109226.67
       41.73     0.999992     28702562    119156.36
       41.73     0.999992     28702562    131072.00
       41.98     0.999993     28702585    137970.53
       41.98     0.999993     28702585    145635.56
       42.24     0.999994     28702592    154202.35
       43.01     0.999994     28702601    163840.00
       43.26     0.999994     28702618    174762.67
       45.05     0.999995     28702621    187245.71
       45.57     0.999995     28702688    201649.23
       45.57     0.999995     28702688    218453.33
       45.57     0.999996     28702688    238312.73
       45.57     0.999996     28702688    262144.00
       45.57     0.999996     28702688    275941.05
       45.57     0.999997     28702688    291271.11
       45.57     0.999997     28702688    308404.71
       45.57     0.999997     28702688    327680.00
       45.82     0.999997     28702727    349525.33
       45.82     0.999997     28702727    374491.43
       45.82     0.999998     28702727    403298.46
       45.82     0.999998     28702727    436906.67
       45.82     0.999998     28702727    476625.45
       45.82     0.999998     28702727    524288.00
       45.82     0.999998     28702727    551882.11
       45.82     0.999998     28702727    582542.22
       46.08     0.999998     28702729    616809.41
       46.34     0.999998     28702732    655360.00
       46.59     0.999999     28702734    699050.67
       47.10     0.999999     28702748    748982.86
       47.10     0.999999     28702748    806596.92
       47.10     0.999999     28702748    873813.33
       47.10     0.999999     28702748    953250.91
       47.10     0.999999     28702748   1048576.00
       47.10     0.999999     28702748   1103764.21
       47.36     0.999999     28702768   1165084.44
       47.36     0.999999     28702768   1233618.82
       47.36     0.999999     28702768   1310720.00
       47.36     0.999999     28702768   1398101.33
       47.36     0.999999     28702768   1497965.71
       47.36     0.999999     28702768   1613193.85
       47.36     0.999999     28702768   1747626.67
       47.36     0.999999     28702768   1906501.82
       47.36     1.000000     28702768   2097152.00
       47.36     1.000000     28702768   2207528.42
       47.36     1.000000     28702768   2330168.89
       47.36     1.000000     28702768   2467237.65
       47.36     1.000000     28702768   2621440.00
       47.36     1.000000     28702768   2796202.67
       47.36     1.000000     28702768   2995931.43
       47.36     1.000000     28702768   3226387.69
       47.36     1.000000     28702768   3495253.33
       47.36     1.000000     28702768   3813003.64
       47.36     1.000000     28702768   4194304.00
       47.36     1.000000     28702768   4415056.84
       47.36     1.000000     28702768   4660337.78
       47.62     1.000000     28702773   4934475.29
       47.62     1.000000     28702773   5242880.00
       47.62     1.000000     28702773   5592405.33
       47.62     1.000000     28702773   5991862.86
       47.62     1.000000     28702773   6452775.39
       47.62     1.000000     28702773   6990506.67
       47.62     1.000000     28702773   7626007.28
       47.62     1.000000     28702773   8388608.00
       47.62     1.000000     28702773   8830113.68
       47.62     1.000000     28702773   9320675.55
       47.62     1.000000     28702773   9868950.59
       47.62     1.000000     28702773  10485760.00
       47.62     1.000000     28702773  11184810.67
       47.62     1.000000     28702773  11983725.71
       47.62     1.000000     28702773  12905550.76
       47.62     1.000000     28702773  13981013.34
       47.62     1.000000     28702773  15252014.55
       47.62     1.000000     28702773  16777216.00
       47.62     1.000000     28702773  17660227.38
       47.62     1.000000     28702773  18641351.10
       47.62     1.000000     28702773  19737901.19
       47.62     1.000000     28702773  20971519.98
       47.62     1.000000     28702773  22369621.33
       47.62     1.000000     28702773  23967451.45
       47.62     1.000000     28702773  25811101.52
       47.62     1.000000     28702773  27962026.68
       47.87     1.000000     28702774  30504029.05
       47.87     1.000000     28702774          inf
#[Mean    =        2.089, StdDeviation   =        1.653]
#[Max     =       47.871, Total count    =     28702774]
#[Buckets =           10, SubBuckets     =          256]
